884421544 325133222
852911260 444584760
698164359 960613696
556368795 415686419
177453152 348120042
904564348 726534367
580181068 394731083
579119140 242028876
88325159 904427790
487211101 900927485
128305470 817818270
982530947 654522676
412288109 832044064
405391068 715263773
475925673 705587041
774930274 882768913
523799565 919924954
504413229 850396521
434427397 329741148
97638995 921231142
123636740 611405128
446689577 261263462
232469515 926984372
486021024 530899912
909567156 325528155
978725394 633236377
730588810 967218836
176882509 81402293
852169291 978572239
960503224 774444246
174269182 689609753
498973712 889129759
563599199 66567943
58258545 54794775
200833991 283487695
174497286 675817722
26453691 773109072
989754223 185400464
838664394 124022229
608034144 438273780
81367056 279738842
270110180 597004556
753978486 792681008
664789786 312551750
419829499 812400231
730311627 805595840
124093601 880586100
233675089 433035929
431569025 828617929
886968115 748988854
355261795 801372717
518957408 457748998
480655466 376562076
213418130 130476076
554023450 395146143
80698976 163189992
539242118 511288103
69088653 94152182
655647715 934190424
179005315 355849704
126142405 782389396
621270232 366297399
612120163 147650980
931169761 2013493
923296050 476231131
69872915 440326391
862090217 310430171
664432190 169671753
866387485 493335922
656978323 403333012
934945886 735783438
328178838 10118032
493844623 660835360
618714255 41783381
422922807 720861238
252861561 734203092
767893103 211259554
239493411 120271
252670389 275308027
461445550 146797373
900039282 45922158
562334732 453320100
457954998 670589398
601004174 811195235
176590657 624415050
476612403 456725692
696079196 295414557
968162159 791137802
662842514 272358916
179113067 888230574
116971771 731390430
374873877 197594782
237317876 706451518
613676445 351549083
444918734 407146501
177128460 497958810
154366488 747227979
255737576 589919265
926946168 624780687
388053948 23977237
78270300 272169631
607477252 963933327
431720828 599240112
408667842 136520455
214310719 122850520
106853532 28187765
318606777 705046107
298808360 916718177
435614017 922332140
722201937 342638737
818325082 712730860
42959783 664616216
703494201 870652670
404561833 909137695
466309884 525473497
314239420 344972373
720487764 332112957
979647904 296719007
521196173 273637199
122831013 861791904
329471320 748600089
546973657 65601634
15384342 641375463
411893392 148747183
793917970 912810568
328627709 389800104
265299799 482152222
794707962 80551951
492667991 268095835
412208000 777358674
793509964 113265031
250797855 15940118
176750854 772876862
260256597 993313681
149521583 686349955
229430373 457817529
865283158 442870138
714036784 537536294
548247184 598933620
585458376 769423498
248708961 303039050
24751360 877642059
464231565 348839389
710793668 734688761
262876421 492096743
122245705 494317463
731886061 588142645
912831647 376856684
248692303 758160920
273728163 821298397
244978338 277931399
993170882 48463177
686081119 788586373
421706280 37230549
94955137 697243194
197398052 194938812
764637986 825953688
380451431 324444036
377034107 934065207
989195538 903836786
775226806 15292718
591936761 337772801
584611512 21513995
800402466 533973088
585088592 878472480
643376891 588278373
940908058 150520513
714882743 444407245
611034415 82372215
446811061 550040612
692867803 77688726
770883887 38050722
394984722 854151807
429562429 394944139
972914524 229980618
637866778 885059391
595984487 699363694
720456766 679813476
47006135 854200469
322437681 926051348
546535297 279892843
607400789 661450672
754923288 987661326
611231995 527199045
559737072 831049782
697138584 565566644
584053159 637186905
727490230 731213576
11319628 702558241
745702886 313224746
473951747 557702399
472729554 265024763
752278669 2987871
525606880 802181374
892555860 45795249
419705533 66052707
155089717 751668054
70482611 566954842
992135008 414802851
773080038 904398705
301017925 401165695
992532741 152746445
896112769 839675248
442968590 737695590
858364901 634473312
554844772 982234880
671666810 639607003
213380564 360246678
461746507 584727504
743709245 559426898
963984703 695202259
325253250 23377543
335068329 414261935
835134040 10792044
329064281 397782871
280040327 647239853
779897225 864602300
706434963 156135232
92923321 560526648
859265949 162347669
822295113 301057851
816328092 543483045
683299152 157996158
918041261 797746195
867956360 244925159
683494776 393344528
380328626 929301689
908533441 311536686
189297453 19330558
752296509 408202657
506302335 330520155
255934315 273171361
524658002 420854821
806122559 882133518
72553904 996474098
893558681 122321996
573091701 996106706
743894559 83541206
888974519 744719198
404959011 113166496
858460389 33912783
421327542 484630686
909802489 93182871
241701816 387369055
408260261 224949354
599013745 852169588
849429771 956804700
683899398 589308921
449471198 60654070
879244328 716227380
985720370 300046903
799563073 572983556
41645634 871960602
424516543 163038039
605211617 427065518
598457330 754257163
24649607 586098532
464268628 48101382
659602680 234740596
168477427 76744916
819329881 728453160
371337546 817785130
532172196 787776434
84978159 963247534
716067780 921687858
73554710 823807096
294070412 725977374
241290874 196550787
647490883 946767919
262984648 585479727
847860389 576929267
490595394 5075245
465615699 713071508
494059590 210336764
499065363 251354129
363149208 790214101
794168406 731355349
516781895 906732712
164397895 665986031
438809322 235545845
102851499 681818652
902757156 647903290
143504990 605621806
223463345 686774478
682816287 819383733
511872193 688230822
590080106 171838488
611078958 522660201
950984075 884866317
355860684 426473779
836043283 400760108
101374726 847842850
220771641 706272201
289649866 5408273
367435093 462694152
159060108 764667306
304949361 469087562
276475983 292728808
951536910 545531428
72084381 996762305
941632720 830164503
115046940 154216229
642107358 877287410
934008252 859818746
314784121 572859448
193776679 216285227
507026473 98914728
729079276 866782127
782988911 756429633
797876057 619139159
496742374 14095780
828052494 466414874
904961572 361655793
919971854 966063356
171275462 767748909
229411878 192668626
283052460 592850777
790008295 29774977
327102235 900571827
105528404 117519297
124971009 839865314
721205583 150600036
587109391 519035048
646558934 530944239
459855200 886608941
57214905 723709012
292783653 245487268
526171173 577667215
630012229 149262682
578129802 214066487
709888328 916440476
647582473 831678432
287744943 817877720
812162164 794037928
506406724 360315545
525655845 563371656
571766761 752161168
38284941 761557300
408053801 637001498
840506147 885829173
978041002 274563017
706419568 619791035
980960645 96082824
733215838 595361233
373193799 130151753
519210546 658432039
639407380 318450838
712508806 339903835
130393731 450712112
147185942 323002022
100654449 130897897
463982198 510745973
181744469 382795469
685901198 394349727
622728457 363540227
637265995 15070190
275636016 730174216
186839332 512215820
404562883 766656204
576446360 513097157
358129747 398636348
536321587 920239863
701844609 549078972
367210468 724858230
432288701 94514597
958448702 64047483
723749188 421446993
897941946 570986411
79644917 776411680
387189907 167835655
213671919 136221625
180708703 142983696
205227188 908194610
85766502 883711476
195755809 699967079
615587207 244647800
210721528 511733851
877605048 346877617
337812847 468945122
532916703 948742558
422060563 297220904
666946905 515241851
160438187 811524978
660346191 634226899
478480081 67017067
174036374 729559197
111817103 704997598
413923657 105267802
330195483 123180373
128893679 634025950
632981400 492559385
855809830 709841961
249036564 714900099
355795748 416125016
530795405 942708937
367041273 716496953
927034846 839737418
744739009 271356881
447611173 529990169
324362919 29689738
306220496 562936905
196055166 677935812
896222395 658733379
981218356 304782387
252197129 543407218
469941496 56894805
988607070 124186316
269723951 764022028
528897494 292100128
522139461 631979252
214325471 483542589
660017943 625504561
369196499 809088179
420058472 934945295
648557493 585666009
638209210 969039439
301315418 311785771
778263039 873014679
30803941 121433229
803663509 234610836
344627990 324170118
461311301 669397577
492666707 346931028
893347680 315320923
371516284 758162859
672665677 574597151
530485635 719116163
272482041 721783680
233563515 457798137
272100471 265809502
839043245 683090994
972015965 705868169
123208191 404658059
70122570 240064839
78906940 8485137
335884362 568819243
561884512 469641636
551173487 523235624
670476168 379271188
381934827 615003331
914385458 983649026
985394089 579546589
876058489 536311025
922374393 161038242
279206169 159612987
928284568 922738670
1496581 708172564
438816357 762244068
984955370 768160255
928446847 114751011
567628993 621733506
766581767 521003733
896606519 880690540
136612056 600174165
917666011 590324509
377038782 221808710
704153044 305669994
48296483 255139604
12393487 35482488
62523306 548158846
801267004 683964091
219870583 845247329
809895670 755304271
817024307 118702463
390226914 184508270
985754152 453674761
718726207 525513528
483170774 157059270
175688941 242318982
153808615 66124591
503933946 70448337
117638986 58783099
446620434 571142732
56782537 283974277
270729746 327408077
737066847 870148652
140611079 557486800
597919367 294535332
523326293 635484468
236752250 629729788
575333817 837954493
671290750 142130252
33237504 309883407
676454265 582915823
914650242 708813259
255143979 852267119
979668950 276859396
760074326 731780292
68097584 988584892
679495892 570659919
464552830 329856549
267999845 589116262
531998118 702497039
307717130 707887272
964212359 904271264
58458826 292678768
476882516 558855049
52610638 6369884
216017225 712381177
506111953 321544255
695159246 136092935
998035324 473419572
486774394 793256741
456761622 114844127
770039984 335147275
913877131 722695234
874386853 618165943
157634367 87801156
489696134 659325337
743092873 857816354
810230007 609825158
54481230 465675015
474027357 825568748
829418993 271889885
412830456 706827464
886244196 780600226
698983198 613161809
461787211 477642383
721110192 638199105
792689545 225439835
794959816 159338760
320441199 830908682
467205122 390538887
317833471 556983609
596514473 203425747
819774082 447649680
587540947 138748573
372464149 22906933
492545869 985798262
399652039 977431196
931405432 844387009
3978172 366555166
889756050 375363906
99158226 226415516
293950102 230683419
716553566 213564477
200969741 733904891
83117762 857943205
528530796 472100750
609278704 466194986
510787990 490065468
285739646 232620452
363638904 569593110
371408489 535778607
546102809 775487884
677593098 839346860
356172020 133456473
588979600 810818704
745688277 190337424
939448995 308552681
45304391 133766024
279599820 225811688
891762259 519789810
327230488 266267578
296545650 811304931
740401231 998084903
787150018 697736438
653123907 839130174
505817007 422394328
227733505 753118101
989352801 618688433
357794878 977367911
256019970 868940656
694548713 417276240
61506889 503252288
344577294 200421748
367203443 589661394
244872781 10450737
109303633 148770722
260365820 401072385
917660015 538406798
404966489 795005410
448364772 384254198
706904568 689841921
352694229 492621055
672777644 304589322
563166083 562293678
290594617 791577343
955142879 851166225
234961456 137896787
586811152 169045619
5967930 500197053
83265966 500742310
868540922 535600519
595598514 987526139
62260936 740895764
971816931 934651274
457616236 834765653
211058038 510380801
307200583 101847108
333115903 957203037
256970205 361519618
414416959 245312663
138770215 875973784
352528361 56224071
922606563 355636727
119985287 423074275
204997672 537261311
185442155 317687477
67022940 657662542
606140084 103165194
785229933 466259038
741122699 24383933
191512800 914423958
880533774 97354090
192616714 659549589
433507396 177401479
211638138 106048905
888647089 791013835
868896054 252693552
962262462 963255017
356779010 384096379
51492061 937401046
497024552 124287155
509502369 555650651
485099806 110027768
717906981 996488576
888002920 512363906
122705832 479925523
604355497 818950553
906407820 987937692
727425199 888400950
368017412 780783584
705830744 764447914
437831213 5564170
631205949 558801238
102852134 983697237
402558809 419498268
639349880 69288358
746943647 135229118
558775903 568031241
547391275 548468464
939088381 191332519
829444147 895923701
896693836 839553688
302812767 680900282
815447577 2366615
375560743 848557033
208542749 51099093
660009265 493054144
557804407 573358726
318777293 75257471
7332069 560155366
552423441 359731967
63999925 474882245
997341790 812225003
401455180 819674738
421484047 566756313
536267031 628780329
551241897 503699790
511180311 69816339
991358186 64788046
660093160 314409980
936527297 336379858
601302150 772706839
750002048 192670726
645868098 831316446
948929633 152259958
360507548 982485151
513516528 596720557
251462654 255584998
594990967 526510695
236339742 563226104
853648184 260807624
966488925 156077174
699114979 807425298
980462960 854641929
509347315 504140283
769599565 674411444
82580468 87571250
243207919 675352359
727679399 588725737
897901889 4652656
439379390 530721154
588650306 359386476
712276315 786376943
616094641 417317198
414314792 862982898
108064677 200337133
424876089 753795430
750684751 953242127
253411535 47153477
122661277 609751214
820985860 146479399
976589669 801819683
419986540 387262897
290357672 799261573
910475473 850725371
956437011 376611210
769069351 132138326
296799619 75208499
893554851 589726700
523926613 767201906
113483679 283092001
290815799 624091241
831234053 186651332
972541839 673512347
580367798 701003541
450414863 409540213
432171876 636120983
953465613 340383723
221270386 223321021
559143877 255642804
51425911 737709901
558913482 823642965
83415405 711840998
425342321 977465760
215068851 643147508
922783314 548007289
978214692 272382999
144429443 421302886
702799999 300701538
800510342 517617336
538082179 746457232
92980282 942888763
653051022 594114345
165351317 601601586
405011974 304615713
748805328 592153547
104367547 526069411
526143479 827534322
57835440 245081932
752634767 628935496
796852277 729516690
146547165 915623617
805626992 543826480
283816116 613084987
482022421 294675012
742425793 754127123
87019619 253816391
153979279 751439757
315346485 61906366
655280194 9693619
947728370 366339170
976502055 972096432
15393340 193799893
42328024 667827073
823677529 111502969
629472443 423643018
508061447 229743040
271236022 887035558
260046528 882142314
243245019 172461764
325911958 136658548
600293252 219139683
747545793 858091341
85399292 928164116
485978385 683127939
91381300 113456321
525468656 613832339
363449370 320477243
762477076 547657733
925849989 742998229
212677631 12945901
601402999 258922629
683878820 222274491
369818047 882217386
414314248 341538372
741897881 569487115
715559692 165809831
47189821 481125289
368297066 595810064
587319162 826720994
508461218 564923294
522429701 248279900
291464413 598456552
233332159 985083654
748618705 796396317
39351649 927114185
167027710 748372572
996589259 320130287
41020121 185081148
488318637 157593034
204966906 42785311
440375375 817453584
368461414 93202109
358051416 250143318
955104526 709104666
249610706 710535760
849337477 677684431
796684461 710911673
725388429 233284801
30889752 15709178
504815190 378862811
300612165 882768985
582150930 90562478
723802717 727296204
407086630 131289298
238018205 418353938
327761500 266283476
883392042 505465958
701010564 374308925
563946734 390413608
701306569 758531755
79505349 913249237
636801825 290535588
97350494 231820305
198563197 516690667
761841935 538110422
127262027 988888723
809807198 813964150
965850092 975740787
855298132 623298340
424864252 89742898
851180186 221209307
998048423 238480237
93127766 807932168
990404670 457304248
283014675 403468465
528725937 998024233
915307433 821406751
620888678 639155915
319919084 930340477
139325488 661376452
804617061 880593466
226105262 994991474
225253406 877528660
441787064 890843200
89859717 876513112
179028750 501530471
107553351 466116717
368594550 513129613
89332587 589864694
866466145 183161233
8001647 520545787
880458598 668090007
788161477 679478772
610958978 586111143
525346475 777784059
871099064 651014894
715384108 196809161
83989070 819904210
89672249 572655620
916040382 988165591
414589807 720568747
458195949 841507870
758336404 27729173
774925690 950100710
500701554 32887009
395256195 908575975
965141917 206315019
866827193 419959022
228504064 809161086
897961026 944157296
460570650 817120067
91698500 948679306
424117565 247061631
913288485 330019476
295952691 599569065
978554730 77804960
499669780 851963
970619981 447533955
48793958 509265568
76577547 879366046
906919717 528316985
444398465 451841137
416793524 752499678
576461374 764916195
309353850 711994003
993195284 956320557
239235924 820020427
470225025 924082430
106605551 628695836
106930342 808490380
915288432 165096666
451828597 985625171
519191316 321253431
724156200 491662549
304022687 917078415
543215934 796493989
13524344 808771811
51235138 965559470
344014472 796121221
915831888 806280097
142313914 775361924
435151788 918006566
891268720 263108489
909743506 985351190
447560752 570728185
438868992 556272345
23406533 344528491
348139558 977074802
700498420 583091504
170643456 131327139
472321232 541977839
375677588 640065210
710312767 897259113
83970292 789216610
804302683 45269703
744713078 827607958
997117925 224579275
271676899 370198120
78557696 250129619
271829282 694979391
311288136 805590918
581255154 776998713
559369976 670672959
666317980 766760033
583680404 495524818
91404352 455968999
537418200 222958287
203514848 154359602
138775709 446344524
173683442 291386359
383288398 298891644
548715746 317655717
772467447 290335449
714748550 539869680
666623861 170285423
540744688 470273888
980301648 577638338
475765424 715325133
189749516 101667613
710191028 788633470
147258835 687832112
472028029 301231215
602979514 776310047
745890913 50341255
707104339 755625148
734398739 490965726
18990501 773766189
551868409 956157580
961728824 973676432
515100897 120425685
551604552 653715963
333138254 442593729
978569970 804257357
981878034 20828914
547739320 142571158
695486853 565353623
676174937 365470588
478060198 275479217
109142053 934441105
336880228 419206285
959117210 975874693
911060357 801593861
662984628 115114974
466526955 136353731
964025749 883698668
648765775 576434012
803525012 491165829
820172272 77731506
86533259 79531949
148675226 798179608
24340080 627129770
13581350 191327883
540418102 680037415
990042144 557371986
966605912 800913407
866747321 160181916
175058519 494826449
934339125 249911212
768339203 751898142
314921074 636800615
820153916 852964385
44484939 479293056
464863812 575513644
376416059 215396629
998422066 147278824
743677783 83899038
472585033 237259231
214842914 496712706
434353387 561775332
497016516 654867788
95544123 231096455
790388685 943010268
918485276 150744006
574278843 478095119
170037625 509953379
841287362 806431057
544955634 420016433
769998847 763745597
921512239 504013868
327319387 159563849
809624174 594546799
448758638 36093020
372185906 242375521
994104472 534046432
366797410 962281464
370924612 854213585
960360102 235289535
43580114 71519078
761691332 128951618
68072647 705503019
706771816 470449778
695452934 48083586
926321147 167441085
394466303 458694402
645359133 473360586
803071063 781484800
138899393 491521033
873511251 257170809
374251577 730299776
567491773 441393336
526475347 237328400
727571839 242898666
841421313 94227390
226625568 995693194
144806008 254421578
358250918 149536990