5818159 5882918
5589694 9413642
9767373 933319
4584909 3350605
3563416 8218931
8960063 6340751
3980229 6239585
8419145 5084126
4481156 3470080
9684852 5773275
4695082 2598078
89979 3001078
36268 3588871
9770965 3140633
8138815 5732751
4251314 2422767
3558377 8342688
2812461 3416860
4521589 5705205
7011048 4151849
2292756 7629849
7954377 8846505
7271357 2688454
1588651 4290862
6331872 2598505
6172278 5280050
1362886 6089996
36260 8490707
521105 2437299
4961279 1543092
4323269 9634350
4337663 2529020
8145946 3552275
2395248 1080356
4041750 8408979
8094210 7089716
8235598 5527085
7428450 1400971
9095901 7592774
5934026 5904863
2125977 1843378
1129989 2994895
5719986 660985
3098372 38384
1701770 5436689
509481 4853820
4621643 4144601
551889 4808605
7979373 7657756
9368342 5812704
5991192 4619044
1024647 5691253
1576233 7801209
618627 6942047
7923159 8961818
6604888 1221883
6183877 2422032
3626650 1751988
8173743 7375552
7660915 3101524
2665372 622322
2878523 2066319
8492614 7199030
5030656 1942569
2279626 1736403
8930251 9892892
6946792 4921980
4604808 3127095
7578200 8317379
7951903 9774780
5691824 2467083
1296879 98564
53986 2135696
3225563 8388878
3528350 457194
6229027 3246852
7173766 6258727
7785477 1535995
1921040 3864490
6379728 6686121
9928752 350279
2503067 9169864
6544515 3115765
2017432 3198037
8609149 7691192
6319505 5788955
4397583 8185561
4231586 5568947
952293 4137080
2090849 6525217
1238242 9934657
6576998 5961036
3188857 2095073
3081176 6555213
6106100 3744294
2725900 5710921
952819 1297524
7732031 5281016
6584178 4648599
7738429 7724583
4018029 8940302
3825456 6336456
1375286 8710986
5372383 3849006
6285137 9305083
3729562 909842
4306330 1118319
5873267 5813328
8486528 7589548
5753143 4661055
5805396 603355
6026451 7840856
6077746 5262718
2626119 5336426
7421112 4678074
2970000 7949217
7297912 7078132
4819771 6282781
9149352 7305824
7490773 7194135
2645726 5879430
1186116 9491922
2313946 6018986
6829824 369085
1105960 3787611
8989955 1690339
2655461 4987289
8591744 171545
23776 5584069
2262364 1012111
26700 9872777
3283819 7358099
2583149 8443149
416695 5453609
8637236 1538411
4308981 6078063
1811642 2163227
5198631 5328205
4576619 9931918
3281917 3021823
1236689 5770580
5280880 589572
8999406 8775146
9893175 9556529
3194437 2454379
2793661 7012756
5790652 2110823
5016880 6995323
2367732 6434807
8373169 2425611
5361176 5657365
9100094 8225807
8905963 3708426
7308545 4436316
6425019 2356810
1032683 8890212
4465546 7885525
3093949 1374712
1881090 9979189
6950242 7876266
5673660 3756279
6613568 5312966
107370 4695348
7581519 4221918
3469761 5574986
2207830 490904
523456 2380427
2171583 6843319
7736315 393306
6299905 2205570
767621 2312359
3765576 7585668
3834905 4993702
5267667 5746984
9097796 7906523
4207619 7385308
5884533 2573057
9924631 5613296
6224521 9458454
3390820 7417021
8903311 9335269
4024970 1045420
7674481 2137326
2608545 7242149
4889640 8463899
1373267 1686278
7888567 105492
3489454 8190545
1438546 1098472
1176931 9722930
705875 775024
3263503 9987166
4601320 3602253
4757824 7250836
6934376 7901436
4007126 5638642
7535620 7496399
5874038 1263940
2132452 3645753
4939080 2400713
2221559 6583618
4476820 2666962
5426135 9769391
9790458 5284254
1310977 6686526
8266578 4226230
2438511 638896
1551124 4593271
2893597 348410
1551712 8559410
3842031 3107978
7711325 9271603
2558655 2919937
8724568 4697058
5406384 5310781
3542028 7567864
7000864 3454671
4444485 9702952
8204950 4565370
3921316 154444
5635195 5316920
9712984 3543016
3048685 7829400
8152441 4019419
5123026 2792944
3000949 7084074
3167856 2438211
981917 6229592
4307178 8883549
6234067 4419182
7907117 6501136
7502820 46312
764237 7633342
6311257 9318854
300486 4837790
4752432 72315
2440419 2231958
5180637 4950028
256826 2308970
6776107 9361150
1501465 5696811
4362232 3940179
2455134 593081
3982647 9788431
6464399 6824059
3097738 8859875
3960948 298876
4076053 322944
5737345 9241890
8814012 5448672
3114008 216643
6283454 3823663
9172625 2531243
4466223 5981761
7589148 2863084
7350566 1996988
9906750 5415877
4141717 5508080
7844166 33040
6492904 3737638
4192204 8000473
5027390 1826155
5166206 1280547
8713806 4665587
855644 9995157
1528788 6894844
4919020 8299720
2209952 4560095
8193255 6781543
9375750 3464648
3062905 3321603
3159475 8952040
4765014 6138295
6245679 5810517
2894913 7444071
2268860 9229810
4710483 2507417
1298137 1465285
9258070 1183825
1475256 8757532
1600048 2448018
1120455 6773003
3206650 5597585
2011199 4347534
8639903 8116871
2876404 8431332
7190381 9706446
3070471 3737816
7220559 148514
913977 4394562
1994292 5115612
4158809 7859086
9127038 9791143
3058999 6549815
1907509 8318731
3407313 9937068
6138926 3503573
2687773 6839891
3054956 6709013
1254484 563433
3696233 355227
7957872 8166474
1496968 4864362
9343640 8361042
6423364 164641
5531763 849417
6996293 9774701
7602577 2925327
2257065 3343202
4349529 6323403
8929298 8321919
5034379 588601
8228084 4330538
3928762 1407394
4496205 2506651
135096 9522997
8972869 9837721
4756264 387609
9230250 8588072
9759004 9530064
8745347 6981130
5195498 6865560
5139395 513724
7932148 3480323
8202946 2121652
9437469 3841719
4015889 5671339
8696400 7823377
4200036 1701794
6221001 1146773
7658888 3196954
303264 4150030
5768860 9342792
4561719 571926
8200446 9787389
5579680 1466483
5538716 5277983
7338087 312243
9221238 3316426
6399086 6651027
1779321 4657833
9120668 6990847
330615 2137623
9570154 4972693
5669502 3137787
7753804 7472231
9646223 9812071
2962570 779480
1220568 3329695
1514921 2156519
1542126 18221
1705900 6553292
4589330 3448942
5104622 7076927
5040355 4362982
775434 5653343
7436495 5087267
2207525 785922
8140039 7182866
9711542 4263592
9161870 2497556
3902173 2324892
5801676 9509316
1282821 2793238
9211223 1436542
3484 6941141
7991591 7738862
2314244 4252376
1666146 3489719
8949233 1087143
7168199 1407664
540526 9178131
7804423 6316183
5274983 846973
6542878 5029422
4049026 1990754
2986485 7285202
2128663 4997381
8801520 8934514
171436 4535811
9471956 1947042
6488617 9787405
9898941 2499468
1326436 8306108
3651924 9554821
4516738 3440795
1689429 1031222
7303281 5140565
8210690 3822571
2781441 2673900
6821821 4624386
4561467 1299707
6610004 6678029
9269779 5138016
9827931 7784664
7609309 6957902
7852255 9390429
8167717 9330449
829821 9303787
6393214 6108269
3686710 243192
7421437 734370
8681778 1917272
1067589 266911
1086841 5753291
2946486 3346194
7338987 9164971
6776804 8701461
7255767 9540105
5427845 2524556
2435359 8805542
6921362 8698616
1464801 5137223
8175451 1153165
8600420 5793334
9048872 5375815
1087053 4705202
2416022 5714871
9167639 4324375
3555954 9058514
8288546 5945383
1081833 4873629
9290087 6355471
8275288 8778370
7769627 5758458
6159277 7221019
6662892 6106860
4018491 6007845
7903855 9751797
4918098 393647
4632358 5766728
2168506 6061128
7309513 5847482
5191282 9126047
1464291 6781693
5213863 1686768
9827962 4221241
7573145 7633126
5805226 6034811
8571384 5776023
243209 8280636
279502 7322567
7042015 3245375
9688657 5195827
1201377 3689003
5494187 5944643
3588283 6136197
146793 4429908
3871889 2398910
1807832 3983093
2145495 7806847
7094686 4519204
9413450 1365188
8904026 5521640
5603458 5232890
8747086 4754732
9631585 3370166
8352915 5831814
9488784 514771
79735 751524
389204 6854758
3472956 2941520
1357211 3625724
2175490 7478813
528547 6803203
3619835 7046160
3149502 5847163
8707390 5004807
4224509 4702554
3536035 412789
3119325 6446181
2879521 8703355
5573436 2775458
3265086 4489327
3413588 8890172
4351626 9129300
4876175 4140250
1977701 2690544
2601137 533536
3445468 9192714
8167825 4776782
2194573 8770618
1001520 9575550
4800746 3892649
4255655 9037637
9608807 2220322
4128237 5374501
9408011 6696497
2230709 7653372
6485530 299919
4663294 2197667
659798 2293495
9886103 7994581
4442818 2771440
8034131 3648822
9235849 9221
9766966 4291230
3154359 9265213
4298830 8334037
9240766 7965434
7831853 3166140
1378430 258442
7033492 4931142
4190278 4351535
8559574 1288681
297786 3175836
2042421 289427
1285623 9117159
1091232 1742428
5004301 8547229
1414597 4760450
7454690 9461841
464360 1819759
2931346 3239727
7112076 351762
2798398 7041533
9894988 2507203
2132962 7662458
8383398 7155816
7003490 699595
8682599 7879105
9838197 8440702
8867457 4169956
8236644 2701391
963661 3156501
1123139 8722991
6176468 3771601
8735478 5597755
4681390 8764335
4134292 6476821
1567538 8662011
6604466 741512
7086918 2788551
8470418 3668886
8745991 7513500
8732465 5803967
6496442 3190088
8014399 9384974
4267709 5833633
9093572 1252799
7431077 8021183
2844550 2551557
4824923 2828556
4972128 799951
4137224 1065266
6694823 4227387
1993615 4017924
5019503 9531100
5873837 3653923
899667 8647044
4548165 1291717
2797633 9839232
7380832 9608833
7610669 2168731
4266856 6227877
8260612 744750
8427110 1427686
1739471 8391449
2290726 5126676
1555038 1105729
6983615 8542106
6186710 6318357
3081247 9524424
8713746 1208251
5785870 2159659
6397884 3519656
3449197 9136681
7865467 1739738
9775416 9385904
8047038 610640
7539344 6945126
8293814 1442684
1216540 1365666
1407183 5183106
7015369 9184651
6344179 4840437
3363637 4399253
4709475 7747359
3294032 2059733
4172654 1274906
9841364 5736010
4975813 3256703
6457721 6919664
6376552 4024155
2733872 1051785
3178045 9876579
3868242 3975660
8410457 1909339
2283630 5148582
7307771 608512
9398806 1991667
2320972 9923051
3396245 4962964
3918688 3375218
1490132 5098473
9575383 4913591
4000315 7781822
1766175 5520622
6545529 9924373
9038603 5612479
9775801 4755739
8827359 1979645
9360008 3121350
6498892 941176
3859937 3527034
6335747 9260137
83840 179187
2765939 266552
5490731 2471418
6618400 1422699
9091895 1313584
7660870 6601833
9374494 4518405
3825632 7645348
5447217 1602914
8524710 5543276
9791390 9763666
670478 6011639
3505185 5227793
3190117 5389110
9171805 8310757
5602022 2345739
3744414 847786
9398390 6460824
4655534 8216524
947488 720037
8858641 1300141
9160255 9799282
7867979 944692
9550303 6705032
9306101 8423835
8989597 2094424
1335778 9796080
4747863 9989305
6688702 1749630
8108656 6234775
5975111 3725017
1408280 3043486
1857722 3063367
3620008 3341801
5108188 6896805
7792324 701508
8928801 8520830
1349939 6210879
3281239 3437864
5569840 282429
8656312 3658500
3845187 2919006
8451390 6214270
3164129 6985604
2187107 4572806
7615446 6241592
8494466 4598687
3443777 5992267
252083 2625449
7759739 604048
5169068 3318904
6386397 8007208
6472545 1419506
6269937 9001140
6660236 9639441
4767978 7148980
9733826 2731834
817872 4241310
1015873 3761403
5538869 3542912
3735870 7981804
6871369 616439
3333630 9603942
449929 473764
7929288 5225241
7363337 1671123
4191376 8033477
4022365 5234670
53992 2660538
6851083 7654930
6868999 4858821
3831894 5993777
169552 7988450
2303439 3221986
5205320 9571422
1346270 5720855
1134277 6343745
5268456 6654124
9817254 8715714
4724080 6744974
8407227 7130157
6297336 2203402
9109757 8074865
3825590 4038016
9791723 9286259
1545769 5952235
3671779 8424049
7834307 7257912
5562715 2621581
1338922 5529459
4662830 4571204
940744 6776826
6523853 4999777
9329988 3039631
5541866 5554054
4495631 1608893
3784800 3837881
3976741 9654264
9347929 1847221
7999071 3035470
565507 5293920
9481970 3676069
4371147 8329279
5498125 7324342
8388632 1028734
1828023 3408473
8898496 4778654
274846 3746414
2006330 6254234
2433921 2313917
410757 7478840
1673417 4892607
7768778 340831
8467454 7806315
4413277 8258222
7516250 7704422
5467982 4363566
1286349 4210116
8023370 9933953
7811004 3531092
9408555 7957897
3623632 1235178
1019563 6736396
8681437 6795810
5400788 4929155
4427186 8407145
2294462 2007968
9552506 1506343
9445365 3958985
2202863 9304335
9060214 8790563
6244511 2450074
1490974 5865236
2343327 5847496
6389055 504017
1858185 5694663
2448588 7667149
1279024 3803969
8756509 1798239
6734079 8007109
1044334 2549919
1569588 5391052
9932205 6704305
6535062 8669738
533319 2618302
1768839 4621056
3960415 2993924
1315554 6370728
1321162 6520258
4431782 6162903
419132 3451840
9151546 5247580
5937172 7447950
82753 9224060
2454563 8462590
6048948 8738993
9378143 396061
7535400 5767700
9558573 8317716
4502014 3776216
7575009 3118012
5448055 3861600
8503882 8789661
1782668 7126288
5873275 7598241
792193 5408769
2048379 2311291
3765692 804608
2755730 4088113
502839 5223331
1187794 7026359
8106751 4091536
8212591 4916065
7020852 7176745
4056060 5195141
4618632 5330717
8190674 593098
9451414 2379411
1228329 9220690
5474986 6271656
8642539 5603351
3060900 9122781
2830811 1720706
9239508 3705976
3957709 4721598
8206898 418569
9022933 5159541
261879 6132040
1375910 9482068
1200188 2170849
2123296 882057
8693176 7155508
1393986 8772116
9248189 5910815
2872326 1783281
4127925 7179625
1854446 4930690
8519466 6392705
2456298 9865347
4753233 5253995
8381083 5542545
740511 1364774
7356481 398854
4704253 6354354
9811985 3810392
7013914 5741882
3674078 9741503
9630143 1495231
412994 9423652
8274637 4960319
9767163 6754624
5014803 6221362
4039341 8721883
3683879 1757508
7897902 6157899
2811696 1938637
3924552 7303752
6428378 3424082
7939947 3873376
300793 5902271
8448801 6298350
6716326 5036769
948435 5813135
1531868 8008071
7215177 4422353
8610461 8639252
4640695 2513944
3333424 7151553
6752719 6344317
594062 5917103
2102187 9238326
2601018 1838695
5716522 2717522
3717719 8346264
6065488 7619481
2825842 7283173
4850964 6208457
1487090 5797932
931948 1540703
5994073 7340688
8040587 6168592
7557270 8420302
7610535 9624539
1135449 9287070
9570275 2488603
4782250 133700
9341989 5760809
6179618 4888525
5276867 8262021
4928681 7698663
3945804 4013924
8543458 2054771
9098096 8171436
2765281 8049660
9814611 7581568
7022902 5942127
2315058 7868557
7035124 6644417
397429 9039867
9880794 628727
4430654 90753
4496304 1424752
5233197 3155477
8015954 4628338
9031477 7913033
9113632 753175
6139639 3506835
6960019 3115788
3845406 9883106
5498420 293557
6976644 1331047
8698091 155557
5613968 3317458
8741376 6877611
810609 1267839
6325694 775455
1667442 73897
757515 3127594
6827717 4922838
7462567 1265215
5148327 28477
6123732 4259674
3931348 7203343
2783642 1318451
8213953 4382490
7402546 7946462
3132215 5827379
1056617 796393
4599222 3674466
9591981 948547
9923079 2242889
5768847 9067945
8518810 2110401
7730107 4335996
7343538 2467062
912039 4952332
4760623 9658623
8634628 7978049
5253261 7073119
4804828 4113295
5676287 143925
3733511 4973645
3363846 5765966
5457665 6273854
7256573 5722727
1817101 9999557
3841479 2469403
1848692 6430869
4542625 8535541
2016367 8128725
3066131 5112351
8913469 3262861
6536200 4256788
5104292 1849157
4728201 1993093
6231415 6610326
9448232 3132991
1823072 924164
7856225 6299195
2073782 7796733
8905116 6518574
620932 9540010
1733574 9257165
8452340 5394724
609390 8370390
6423058 8348324
3365992 1660975
7028912 9444063
3676968 7510496
8265246 6609329
1457115 6194117
7972178 4678465
5882811 4992239
7572565 9980665
1807375 5460553
1914093 1533159
4110299 6183144
1468247 9116892
565971 8759805
3099086 3359991
2828975 2272362
2669164 5227106
7433467 8361773
7714584 9724961
7144492 9972462
4648978 177449
2098867 5922156
8102984 6673917
8542085 1898717
1983627 9141824
1462969 7855416
8134619 9374944
3735687 378763
1868327 5127900
5233036 7555016
4067803 3033512
9543396 2182252
9189287 9366408
9162027 3237284
5021179 18123
4175955 5476905
909173 6861975
4158716 7926650
9390555 3098039
140868 9828615
7002430 81318
95152 2000906
3948807 2426090
476571 880902
3803898 8071438
7968643 916561
6956081 3575417
2363382 4541772
1989789 1917933
5938136 2343934
9753041 9209558
7294668 9558047
5517946 8443824
8957336 7464912
1222362 9582016
1244216 8702453
1114247 4677759
6988498 2609937
8132889 2795479
6232007 7354644
3257132 6558324
8541356 1077830
903055 1986923
2809252 678837
2641630 8653959
9223989 1279837
4895464 5831444
7684287 3492273
2133640 6416166