846693 834194
173710 539533
114645 470774
29524 982397
107015 585344
998486 573513
417946 583035
378899 657228
786840 443222
375061 539633
994693 395046
594591 511963
687212 677801
991430 287989
105774 275335
854975 493134
678944 34828
555139 136612
738187 733845
755471 991581
266377 548579
276005 742697
893269 875558
111896 674410
635059 104138
714086 326031
378242 275814
344576 145835
368921 720190
499392 394796
213964 790595
11989 397586
340136 596257
730910 735128
360569 267618
995960 434528
470891 145351
418252 659013
405546 431826
201794 171701
730243 580278
288721 388744
647719 286743
748835 332910
883332 342237
676734 778586
365077 139136
741539 187869
13658 834847
813631 704401
528484 567308
546889 284890
279025 943691
700380 451681
837486 489415
536456 116181
372914 513851
583861 707774
808804 900168
68637 27409
160267 249980
96173 261230
363904 166178
64486 246943
258116 262623
222113 231888
49879 398051
345182 518852
959929 115005
24963 723571
476196 271901
513338 853125
160493 189799
635275 213440
915195 600779
696280 243053
252034 908449
795968 884466
584992 462070
918797 155728
991521 601741
322283 66035
365494 194615
544383 754894
879297 801653
264539 869693
137530 222551
139259 247396
467313 164721
600326 185801
444693 237344
300722 741348
509328 641342
185399 420591
407970 884287
148123 321159
592345 696212
378037 997532
367913 876390
581354 112588
872365 990241
570303 752634
10407 292207
973316 935463
924417 149151
810865 950270
385462 259955
344437 699728
640652 160578
690005 699921
115606 579479
812730 992693
363401 764907
620600 133507
887461 608981
70354 715279
151550 412940
69075 137017
584267 322256
97274 232047
652870 150105
187884 545143
949659 826153
504639 207095
934581 821499
218699 132199
238634 597495
405467 570375
965828 766320
311946 762689
330105 636880
969816 816282
340166 954765
450898 669017
80724 258952
684992 179801
227628 990343
846284 790083
955696 31955
482149 96192
388280 762186
40858 350581
59962 296506
85984 746230
682044 178268
779697 349635
148798 386655
758992 266649
198069 363249
351321 682478
876545 947913
388486 276264
904078 502734
913310 472123
775553 689351
521278 560923
299070 612099
644815 316101
285271 48705
849934 122623
939578 815559
766028 478994
887700 598017
607294 3726
34209 38176
495833 600580
685999 23669
553157 707839
965226 80729
8263 862113
362246 558212
733318 3718
192662 543536
987833 501453
569360 955831
360920 709539
475149 567254
848074 745234
304113 365414
147407 203652
331160 748043
828541 567156
315767 587507
833586 573233
5702 499034
263921 807056
980972 118130
614285 844161
599548 686162
150578 720938
955173 224392
128908 600676
368954 401508
695545 272726
924974 202598
214513 581429
970807 567421
520131 592943
980756 263915
233921 572079
253018 124786
638763 560100
113358 647591
466 569672
524425 310050
508649 740991
287331 507883
464319 690451
861924 20220
680117 931081
496732 67603
12212 376567
736308 337006
109183 767340
549448 417442
893440 123730
75610 946289
905206 638921
235855 863337
99697 575732
103368 991629
814080 727257
842146 534961
851095 533111
88659 99306
502746 296862
352104 588619
573808 392457
239137 544656
220174 284308
524066 976191
249263 377676
11915 714515
354189 438884
590848 249342
832026 158990
52900 154523
790611 666803
426686 811589
909308 430482
781295 58197
670774 475179
167794 874563
59035 141115
268465 353618
490525 456156
998655 456527
8624 369190
620315 587806
244873 371463
767020 840011
292386 756979
75688 768727
358976 983466
489194 610316
235086 836035
952608 198683
814589 832232
114542 556821
28471 746414
908029 649068
51396 295629
305621 605702
557230 888381
995610 941974
357470 184919
809092 647394
148587 600020
510603 619904
736397 553465
438355 731519
976521 893727
642069 888928
779430 584679
142492 519102
73855 641990
622339 655936
858441 14246
802749 302593
799908 974842
169229 446713
772630 427604
961143 502232
758319 314253
305932 332666
884168 122216
299549 352889
898738 155990
541304 376023
336035 459905
173037 390832
248493 452056
819044 953645
152877 232120
700876 513950
257510 364891
944000 125288
344008 516263
506392 378241
242704 626611
648772 395598
468282 677192
227668 52921
958920 173254
107261 570831
745726 529522
269268 708599
389041 974569
824462 893160
700842 873205
429881 309416
90827 479329
765027 254509
823221 528173
268750 480051
999713 320344
323437 994964
588712 226433
510124 44417
285269 709376
38495 896680
319238 430948
160049 885141
771761 531275
390443 344011
709675 908534
990384 765083
284271 762065
731628 924996
372832 866612
544627 108182
988421 323015
154633 431403
777506 518144
92088 922904
340786 599836
788597 64350
127948 567743
821701 851397
598032 141289
433804 729349
478590 990786
543408 268264
215933 529233
918979 924612
361255 197903
997109 809340
742642 88409
603215 503212
541023 130815
152650 872172
197941 746885
710550 801615
10595 727240
226794 497568
552700 929450
114156 690540
717312 377843
587589 450251
654083 812723
610894 828932
557777 324222
513074 846193
734229 245207
938380 35703
403669 62799
771145 259268
580080 971231
265692 321244
438032 351111
59736 377742
778924 29399
981896 9959
840300 955193
994027 463090
407691 493888
261757 245406
77637 964525
277396 960250
796464 296115
403169 31305
841091 400019
917644 526856
775895 973634
744180 410724
526049 815683
549826 962982
480290 205384
941358 520420
50717 499668
814895 363618
394641 109978
765051 241093
752702 450533
852609 271171
414565 664281
983589 809688
224767 44138
787332 531691
317088 482883
337063 465774
42349 570338
719208 920958
857925 640626
719245 308369
559853 859372
589279 895164
385722 70923
634881 47087
430307 541056
455125 926511
544892 904456
439767 621171
245423 863312
665636 131799
689631 654853
165912 271637
419370 291691
658421 310545
550760 88456
895743 675462
246829 172457
925087 497181
404493 991464
807403 628280
201836 680673
802592 977551
515246 350261
805255 391540
884829 759309
239642 281544
4772 632090
582939 748933
801549 131106
567310 649762
149429 96347
882555 264
806991 612228
870517 787994
623623 115817
583793 847024
254578 754685
561731 548469
738566 115684
948516 936399
302192 298637
753009 573286
508707 848761
191890 261182
690338 854692
400821 989135
266169 532902
308831 624145
478862 616475
914803 214536
996313 90994
676582 74438
440357 734425
81515 721591
167840 364644
60758 422152
418747 749808
298139 39265
698659 221445
839052 641293
495996 89759
793552 118416
141823 421823
476051 150170
678168 859151
109362 79915
286194 189997
511582 904281
140504 48742
658370 307549
892400 259234
426096 936904
838797 654762
768470 874954
980607 74149
312378 348076
879615 390319
35796 41951
505699 684626
575383 965752
857571 508732
827078 296060
815160 430885
699218 342291
310774 995669
978554 117770
631407 775085
236184 153314
783860 215498
767 597122
941569 843224
408216 948374
515780 375315
414931 145135
980292 840
400840 437528
32070 566709
350323 461784
907511 539695
671406 368904
327536 717472
297173 843651
891640 992173
682568 926031
81485 379546
938238 880065
358175 253116
66316 898134
297816 747860
492060 649086
55320 317093
921848 163976
375618 252297
339542 750187
650728 571564
523820 711276
423836 346328
501584 602576
590418 492156
493654 209448
4241 791209
594918 397205
891932 598996
455257 304280
938697 958888
18345 574325
80154 900001
675030 675429
282715 47044
876955 150908
399290 650107
588246 692172
245458 967848
16578 621199
401541 484007
51859 555926
441972 159245
643585 454320
433825 494467
196573 896964
686251 425275
427479 83196
228673 788923
116048 117274
800466 932526
943038 78233
781512 178084
669732 644666
649563 440521
138192 98250
4334 80100
605664 320987
893855 441861
631766 309889
678375 859273
992685 215728
568758 766275
712024 213585
440799 734713
375438 789547
768159 405347
354325 358978
11378 613826
870480 396473
599353 531453
152202 884260
236850 231383
84777 407587
212820 829539
453593 328289
268928 764515
834176 835173
574970 660141
345190 329690
17222 610030
957754 766003
779864 492666
581905 587277
89203 641803
962642 683462
342618 891548
85010 169228
295997 785
621728 212026
949983 367170
41695 425698
991265 891034
265120 954483
79255 589126
476984 474114
904731 156510
295631 912955
858478 331705
211287 142956
669258 419117
623976 153158
108252 683769
887209 102560
806365 309540
237703 278814
197901 561747
761006 120788
694371 677493
338223 811911
594328 198863
60043 833234
211585 125030
637307 580236
414550 122352
776316 289801
881358 721536
610004 886573
763064 639061
713972 927206
702396 942998
306258 414069
742741 659819
531894 41514
158336 839723
415899 199479
481154 239394
209138 302756
396214 128246
572184 829153
360948 446056
375132 905168
328909 819267
988996 255431
877480 105673
613301 102006
792620 192420
758526 280200
400410 181247
248392 846355
661430 61155
958570 90987
617959 736641
845149 20375
467834 292440
697792 929134
892149 185209
345085 160878
335308 905754
847681 228245
933727 406965
922783 872687
904428 310369
793109 213126
317716 316372
257426 289503
702892 684632
331494 181235
134807 928044
886740 135922
587460 814349
578487 771218
567068 659433
122568 966998
404229 961712
972105 32405
328539 657208
709609 968085
337095 195488
660228 594365
781817 66525
229634 58768
348664 846031
235286 418163
451323 491086
842245 796390
790044 587003
960516 700295
545969 419030
532635 825051
603580 745271
295316 639594
780448 362435
683613 937634
549937 337300
469826 361007
612842 67770
350579 267829
545506 914423
84729 514437
989130 783003
373745 825231
988803 244460
694385 950225
576666 844157
110195 524482
763924 20582
855586 104984
874662 646303
904327 79392
835290 62528
450100 38607
82291 296478
722994 383360
763989 851498
873769 526215
775252 829840
290166 358544
699068 611314
789014 720106
922361 331959
828720 982232
229698 200383
653256 811457
138690 905859
249503 551077
890137 980037
107370 921866
81592 133488
223257 845579
502144 319430
985700 82969
337336 925877
929684 811119
210843 12146
917895 807749
628553 289929
190282 848098
672278 904219
616499 943911
282703 432819
46672 354954
392733 638011
154892 675800
39497 478033
234735 138145
355454 10925
663700 685645
839546 413907
17636 573664
450848 513154
807990 283874
168347 799748
194150 891472
583456 908318
487979 631255
873656 672353
615747 208106
819389 24852
438140 168934
651322 494287
837337 129999
605330 579529
286781 364379
827564 125392
87988 866584
623505 286546
492914 704659
703010 840901
704955 695742
789924 320428
198209 269928
691667 472156
667379 991642
663015 782342
412955 240059
702952 519509
2539 4557
602354 302844
340069 195608
240840 851789
66225 55147
17600 915575
830971 847784
853762 589275
474899 651482
279070 47011
753588 654628
774480 522323
63689 655903
451349 777878
127818 744068
701788 211686
618178 542959
224501 328241
302480 310792
511909 603907
402770 829686
435159 628367
830193 290483
522710 675182
313465 70098
315543 544740
61826 788825
139795 483413
362923 282785
493724 118676
897577 376823
509252 666913
806303 680360
383850 641299
252359 691982
703053 378529
20021 221571
369405 110026
756274 554073
122366 561337
346581 173379
774165 460557
527564 164369
224903 207897
609487 63632
213115 101667
823382 100880
559192 252829
463386 345329
294434 763977
450892 972966
264286 83340
62456 457769
654024 677404
866142 524245
840593 217819
840382 122817
764148 718500
795660 848890
989450 354304
717335 942375
993628 705890
857910 175228
356917 365406
717927 546077
687322 707762
219301 499875
890358 178287
614227 703393
144721 129446
229555 416912
686964 914795
267456 308986
988233 728630
311738 160714
785486 114133
312603 56006
188324 212441
751934 903943
213549 855764
983985 337968
804880 976214
240939 758059
265007 15873
820135 781670
549976 265514
193533 317184
600993 91309
301294 203189
188342 31493
109375 236750
767677 529491
404730 856367
236370 302461
91908 194431
557916 270180
897017 643323
762253 952
832949 327731
588376 970340
121561 60319
158130 752955
128791 383574
813372 321020
419787 913563
295191 679556
35845 441789
701688 309115
30253 77583
903643 961319
261618 573852
720776 559805
655112 923323
104252 49047
791028 303419
891807 133504
901693 175049
841882 588499
34647 95672
217903 727374
43853 77776
423120 304338
196979 156048
783763 799496
588612 817780
154004 291224
744462 158568
706324 932507
606448 663742
616185 751129
359526 17326
625697 497612
816321 319314
739021 741519
957066 398589
126756 694284
357942 548513
699580 524864
107139 753174
784192 772229
214196 139471
940007 420511
792004 787173
578981 694968
231281 937631
782347 575867
162773 717321
565344 930615
407153 722878
983613 576876
33375 592156
836972 87905
761519 425118
789259 192794
560543 774069
845086 155075
936304 226296
877485 630408
559472 623517
591730 247311
10881 394399
52356 745711
896661 169017
342020 391898
664000 590595
625312 142310
920800 461747
29821 578939
307284 758261
197319 907519
496927 480565
432058 306181
451725 96634
847183 854078
869628 864936
565665 963952
317704 819963
54146 222879
972526 834881
261865 679767
157149 936412
318251 135534
420195 768149
517991 534899
166566 525758
382151 509778
759017 535994
143455 276599
791701 38279
44605 457996
124364 265966
247817 422433
754428 616826
1956 275742
924865 538110
226433 599162
244418 989820
936300 394127
810099 789272
943410 904654
595245 789581
296570 498939
303059 199194
442402 612410
570926 144019
432619 130778
625866 149412
871435 30891
335347 652953
419178 929503
744302 814156
86480 852066
762899 883303
708320 950883
183966 461090
821531 644421
330004 334029
338839 86442
86400 630903
681356 842636
729667 652665
207057 107945
591377 298150
258874 310830
922227 813968
62415 51736
883490 704076
256534 619231
892620 309179
223153 756647
593092 707160
401575 494162
83490 783193
674035 682524