558 745
671 968
685 517
768 834
818 914
297 755
424 281
518 917
63 524
256 272
360 727
198 471
857 338
847 373
748 256
304 643
188 609
631 530
489 690
7 11
138 408
380 761
176 885
301 980
352 164
957 59
513 386
456 261
770 804
816 259
810 611
42 194
678 723
174 582
98 974
615 917
699 362
838 370
714 432
81 527
853 607
644 866
181 66
189 510
466 78
198 276
780 211
898 439
591 512
838 517
722 139
508 918
377 274
278 570
855 448
199 652
383 929
331 249
0 228
349 730
376 374
732 617
601 522
784 95
257 199
494 36
415 799
325 590
932 182
148 670
179 179
710 678
419 739
295 41
561 503
535 654
529 940
714 613
34 193
365 55
625 149
937 655
61 38
174 45
330 18
167 402
91 654
813 365
353 605
42 295
829 912
537 164
495 74
738 147
261 546
21 988
135 168
40 84
607 143
424 216
379 812
249 74
666 31
663 408
89 991
341 332
456 439
166 342
691 77
740 773
891 351
702 750
721 978
629 231
121 621
315 949
516 994
849 852
838 28
69 451
673 562
508 844
978 862
718 757
838 368
623 86
615 814
146 888
910 328
781 422
178 70
529 70
372 718
205 742
641 332
604 981
649 384
902 169
978 243
762 357
678 83
191 221
608 848
329 496
112 22
488 768
958 622
293 272
100 360
157 8
1 179
623 488
572 933
101 529
32 397
368 260
897 348
394 924
439 121
323 169
502 941
589 479
932 527
990 81
199 159
490 194
511 68
994 38
752 692
968 133
215 149
188 370
143 201
783 182
930 609
761 575
386 164
773 590
522 132
313 961
978 933
625 346
654 278
803 461
157 131
107 922
5 856
412 595
730 191
740 239
988 904
300 388
906 115
658 503
680 298
856 742
282 359
904 207
183 77
302 542
792 599
956 526
328 820
589 205
913 20
582 720
60 297
897 613
851 673
382 798
612 67
711 127
961 497
469 70
923 179
501 98
988 186
244 751
457 149
293 196
152 339
261 771
658 986
638 140
423 220
920 166
964 131
761 538
489 860
175 526
809 520
570 941
723 773
506 730
701 538
887 688
400 709
858 324
20 442
292 246
687 376
432 500
802 645
382 11
931 313
719 787
841 299
498 944
694 866
634 257
162 703
684 192
851 985
426 647
637 323
885 508
318 623
602 603
710 621
63 420
261 946
862 420
263 386
946 591
556 401
641 281
360 565
151 321
975 150
223 357
374 665
833 464
60 28
48 680
209 576
924 148
890 451
19 13
789 637
35 875
814 705
288 730
593 599
980 242
86 900
606 410
787 1
484 276
818 825
461 961
803 733
712 545
260 762
464 803
766 398
385 715
990 180
679 437
817 656
818 913
271 157
334 218
711 879
916 658
669 600
398 447
48 663
561 105
143 591
44 444
509 769
84 802
919 663
924 573
819 782
766 846
115 287
410 675
233 296
843 118
618 946
118 989
119 321
693 158
963 733
470 640
273 817
35 322
233 971
128 941
84 201
548 973
168 254
179 83
612 589
77 463
705 107
286 811
648 599
985 698
286 765
423 182
994 155
838 125
486 550
276 583
528 382
813 313
775 844
52 759
282 264
97 650
495 488
582 762
493 578
597 707
90 273
388 932
616 991
859 703
455 674
844 17
546 238
976 851
962 875
99 211
661 469
898 813
21 532
707 727
653 539
66 575
275 604
230 704
200 590
662 149
51 570
878 441
7 335
550 161
832 374
470 389
514 633
668 507
269 889
847 125
835 487
98 29
287 951
73 707
573 669
217 313
521 737
723 858
480 634
6 876
546 303
666 716
184 917
362 694
472 78
924 446
250 257
781 556
697 278
564 355
292 31
18 994
4 796
180 59
625 915
228 870
102 814
410 427
37 167
399 101
677 918
367 594
66 589
43 539
631 996
197 862
287 311
853 759
716 152
867 375
878 291
801 4
175 380
952 640
422 165
258 281
682 179
789 413
487 691
179 145
805 222
110 385
633 210
555 450
265 366
936 486
890 493
232 450
605 399
39 709
353 587
39 35
151 264
477 59
961 207
863 760
598 774
521 662
160 263
590 213
389 515
264 36
849 396
911 75
688 638
250 586
785 998
262 379
208 247
586 809
392 351
425 434
766 321
316 956
562 565
999 112
793 41
370 629
404 793
863 738
601 598
343 673
905 983
815 573
603 972
710 315
649 696
931 552
388 559
521 228
453 867
358 259
778 517
56 186
646 740
574 661
13 145
901 792
239 148
726 839
113 144
567 446
170 188
959 99
847 440
834 625
94 120
889 357
146 774
265 648
324 67
482 317
370 571
796 349
139 57
722 54
285 985
169 203
897 760
680 509
985 136
50 98
195 724
908 536
410 965
837 83
548 506
279 531
944 909
208 790
659 424
720 98
54 138
294 584
200 130
651 177
351 611
415 809
799 351
395 590
335 670
189 952
21 804
637 403
937 953
696 656
8 575
298 582
905 721
270 128
14 753
137 760
190 571
315 153
627 993
311 756
468 426
554 400
942 10
276 48
649 165
41 982
945 641
873 492
559 44
623 565
714 307
128 781
808 543
113 777
488 523
110 291
729 766
482 915
879 448
100 196
607 500
357 516
292 71
554 305
925 211
30 394
25 369
818 377
741 241
910 744
905 307
808 287
919 329
621 92
876 592
329 573
219 884
657 463
648 264
715 153
445 387
714 111
498 627
24 859
876 254
566 382
198 568
399 814
380 974
294 687
455 12
159 516
544 729
880 304
135 17
839 62
502 910
786 207
758 419
509 603
670 908
208 772
525 670
273 494
294 137
247 178
361 460
273 100
560 811
141 881
187 991
284 396
606 698
347 986
71 284
918 277
835 461
720 543
12 904
271 770
377 208
13 473
757 622
370 762
729 429
84 912
587 712
426 641
13 9
701 488
220 988
657 839
877 450
918 568
101 742
523 283
438 547
352 29
848 469
23 783
42 690
693 436
306 739
56 834
238 643
668 537
323 793
935 869
129 921
906 537
532 301
611 428
433 853
612 202
783 617
33 941
816 445
433 297
229 992
522 75
952 712
611 474
61 509
968 507
118 399
704 349
957 178
524 911
550 930
908 407
430 890
263 662
963 853
433 144
311 810
741 740
564 142
21 270
905 996
82 933
512 687
672 951
721 168
887 19
438 765
88 339
4 815
726 421
67 290
275 845
777 842
565 52
611 363
719 358
518 299
893 775
443 8
107 793
427 582
739 268
90 178
414 877
920 776
844 671
465 376
270 250
500 252
798 314
476 242
227 5
678 101
494 95
444 694
956 339
615 819
406 191
347 11
536 284
122 784
779 415
356 812
866 589
365 999
636 966
820 498
580 580
874 251
331 606
328 280
48 887
514 811
197 905
639 246
755 993
710 604
112 321
580 773
823 310
53 811
787 10
12 695
760 67
27 739
451 644
199 121
827 637
776 820
927 642
161 570
714 916
274 453
770 849
987 718
142 990
831 343
22 460
456 137
615 511
983 21
187 663
447 509
717 484
531 820
632 696
879 623
107 373
769 472
957 483
404 48
792 231
257 194
313 717
733 980
335 677
807 852
512 558
273 446
397 287
352 810
663 42
126 443
766 322
663 935
82 826
451 450
672 469
857 608
579 346
225 776
2 463
509 825
996 458
669 750
659 588
868 804
14 806
689 725
886 426
824 212
807 342
42 632
649 559
217 923
712 460
852 475
569 260
38 95
871 638
916 843
723 990
497 961
929 637
33 624
0 893
61 330
680 486
549 110
617 458
433 851
878 822
955 801
769 465
998 627
257 475
971 18
142 190
385 254
425 939
548 984
903 316
768 520
881 827
320 293
513 952
229 78
827 135
31 896
894 648
998 330
917 178
103 344
203 936
579 833
239 683
918 227
932 284
28 617
236 356
582 392
9 131
208 392
818 795
732 947
538 443
493 664
963 928
558 407
214 211
554 389
749 879
814 582
859 498
681 909
912 935
856 508
270 94
595 1000
215 442
120 215
768 63
167 695
489 288
356 886
169 790
352 748
52 319
113 858
195 796
792 914
547 916
6 252
89 387
645 478
460 897
992 941
496 117
971 260
39 617
919 63
390 801
362 26
979 931
713 759
577 462
898 847
672 810
693 929
748 71
627 884
669 374
223 446
137 309
801 15
405 818
222 229
489 146
169 862
808 663
497 968
93 806
920 172
189 874
942 898
235 0
203 947
25 843
281 859
753 414
388 672
949 803
224 292
988 235
494 921
9 234
414 860
134 416
1000 743
366 574
744 704
202 139
541 123
283 523
926 376
562 608
305 212
968 972
333 213
817 230
583 904
900 92
274 912
989 671
421 406
517 848
605 924
83 738
343 767
57 525
788 74
319 495
12 271
863 580
977 661
636 390
871 877
708 97
450 882
813 794
809 710
396 210
561 619
832 231
802 693
44 247
639 117
694 136
544 126
993 694
885 588
548 477
621 583
439 796
779 335
36 3
571 226
610 349
853 160
284 611
426 416
491 134
469 640
417 286
163 515
833 750
155 134
146 556
159 407
548 261