45785 94047
29549 43526
83063 66720
66532 34575
84314 44456
56186 92224
32892 87938
9076 75462
50623 12067
26359 44222
52023 3545
65568 3275
28495 61245
94296 54446
61653 83774
90758 83908
10939 15302
68880 19597
81923 4565
91873 85578
19772 15646
52041 45661
92359 59998
89421 23623
13975 35777
16998 37402
62773 38353
14686 43348
18075 64056
81692 54669
83624 38343
32384 37655
26364 40194
50953 69480
91936 58451
56037 38714
88411 19500
22737 87056
75837 12290
87607 62673
60337 20396
57105 38842
83341 12926
25029 65131
95495 89005
36095 60186
45060 98382
22341 36905
99913 42294
52475 63246
14564 39738
36886 72645
56117 37236
98623 72669
68161 4483
55468 56723
64754 50416
32258 25619
47926 51124
26945 43253
71083 92969
87181 34132
24131 444
2556 81030
19754 37087
10229 15863
16008 60290
39543 33912
26690 17453
84297 53145
51772 3254
90913 81192
60280 73791
67692 27164
93000 99881
55493 72866
91680 69251
38764 52048
74611 85699
49641 92376
22785 17818
49564 10815
39720 76782
32433 76549
87905 69637
71902 66963
11804 15219
42116 6304
35788 27830
45530 11965
77878 11095
69174 36889
79662 76579
40954 23791
33135 23958
52478 45640
73297 43042
74804 99695
80427 79081
67921 25265
57908 27553
49918 27927
65328 20054
57009 83589
90597 59663
17280 1877
91172 56841
11435 16725
57062 58520
72773 24983
42089 24138
39673 53151
26645 97661
79869 19681
72911 79810
64873 72195
55532 93189
14805 36499
17738 51832
201 9938
70040 7721
70159 59528
99278 21544
96028 32749
15608 10624
39230 19935
26427 76173
85155 49867
69986 50840
29626 30961
12761 78331
88482 89267
33198 61634
92242 42648
86001 94101
27344 67281
56857 98846
67528 2532
43674 74918
153 93464
17827 51129
28281 78363
716 4407
26254 28452
98559 18340
28274 14622
28871 54415
88981 91516
26221 40516
18368 17131
55193 25055
39052 34697
4186 296
43453 86566
86568 1033
9645 48545
78737 36011
60364 26812
6400 34576
74587 65829
59154 49059
70218 78167
96729 73048
19143 63025
60283 36529
4207 7491
67630 48325
39790 87461
74916 99129
35107 53523
35091 58625
80082 82509
60239 3584
19289 18213
36947 2375
96739 90521
43055 22819
86460 86099
59606 50261
5931 7909
97331 77733
75689 57508
30876 41368
49578 43119
68492 55804
79656 39076
75745 92583
1978 36900
3383 92562
50995 63981
2721 44239
55454 64668
36394 34217
21838 52853
76206 8820
75750 3031
84686 15863
66770 87699
10364 12651
68599 21246
49816 88408
60119 61290
65370 80221
61560 46429
68087 77562
46711 83210
16549 192
90399 41856
82993 14812
12603 95056
68367 30114
8870 70072
23471 86125
68826 58309
51759 8133
25807 38551
71171 29382
94229 20877
56485 88332
25215 18898
32154 59272
74408 36086
18122 87028
62082 44589
11221 4339
36387 92212
68192 86197
26527 74953
26272 60247
22217 57198
45409 2613
47862 87452
75309 19386
6143 61350
19925 8966
56156 76495
53120 27949
44329 91823
60764 18846
47390 57500
88640 98823
51044 60103
81462 8236
44314 89595
83328 32431
46781 2005
36551 61979
17543 70351
24852 53206
10594 32164
6097 58431
71881 98477
59542 19418
53387 31288
32369 11687
95387 4687
58298 70298
90315 34299
1710 72495
76258 88743
53889 63026
17787 76296
17770 35201
15615 77037
57817 48471
93627 15104
82842 57445
83679 7741
32280 63588
37171 51886
74448 79840
27264 71985
74642 55765
61180 12364
10694 58959
91227 48699
43815 61203
26830 74330
47222 89345
9700 54227
38882 4457
89645 66591
2263 10469
31085 49896
6140 22801
33712 57856
92537 51291
27018 52254
1314 99391
65970 31654
56578 24799
89800 7639
59954 5187
34831 95658
71970 37771
10505 10891
23012 79051
46475 83807
91934 86541
54009 21902
38506 49445
63829 4577
24467 96948
34457 46865
91991 68109
12098 20793
87826 3691
16351 64874
6064 29495
53839 91745
24682 98636
95011 44611
32223 76798
43087 31514
85375 92689
70309 16953
87791 32367
61803 88845
58351 29808
23722 63761
34729 4198
52834 58282
20986 7735
56532 67449
4928 31886
10675 62507
90315 72186
13679 44640
76068 37199
80042 38600
41784 16344
39503 60770
10636 6472
14198 8079
52511 5590
5360 72350
14626 60430
89734 18215
18254 14221
27349 7868
41473 11507
14985 64410
7206 95073
67142 79079
28620 27875
62175 56809
56448 23649
43712 45087
29146 50033
24910 67506
23499 68712
43049 15601
41350 76046
9219 49646
34789 13616
41392 23311
24758 67913
12026 56168
87581 15166
13265 64458
21492 897
50167 91135
63148 48784
63558 50670
58895 25812
50814 40614
38634 13100
9405 9240
80140 92755
30877 50031
22171 51163
48306 84318
10023 50171
52640 68412
32498 53113
48725 86112
15110 43519
49238 99767
43591 53993
16956 79992
26422 81041
82345 42860
80550 87345
14657 81403
17739 45431
1105 19414
81841 74013
15866 53322
97481 31316
87955 36002
68505 46088
89058 8546
43204 39693
74956 62931
37190 80213
67776 47373
48086 67359
83993 82040
28117 31275
41747 90491
78506 17492
16419 54884
21154 97392
81176 69249
31471 41994
16475 20098
51386 24543
42454 662
47102 74954
3812 82702
70334 44308
75533 47056
30700 42565
15710 72046
30528 63144
67910 77746
94760 21130
73839 86452
42906 9473
1290 72883
62488 85885
81482 88846
97732 70573
2482 36553
78520 35354
73941 56346
49821 32995
82603 44155
54187 63009
1121 6146
79861 38216
92795 95384
12195 37116
53137 41536
90828 1117
98028 20668
76516 76645
31166 62890
71298 24441
99446 9564
27197 48752
38965 69812
94908 24771
50225 53777
80784 2692
40349 37500
48382 85971
57185 68593
88033 79268
13542 29989
62827 71084
87716 41860
17356 3907
57946 62774
6949 97504
15261 60549
84140 20755
60225 15329
73206 27833
71967 14363
33574 91464
74805 46691
55527 22357
98677 65832
41438 30484
83353 3916
55891 87505
52458 84830
79308 71273
18450 44329
611 63674
78318 39682
77860 31500
80084 81715
69645 7108
49946 81717
62502 32526
68537 3664
38127 22444
17630 8232
70493 18599
4457 34334
53276 46999
43201 29315
87340 49280
50917 29720
99874 6519
5295 57768
20889 66203
70223 1393
21178 44488
24319 25927
86135 66798
45226 4571
61875 92388
99240 96772
69230 8094
89251 55463
25409 40091
49965 28513
65439 37842
39651 46583
88442 10239
92771 93190
84829 81208
19941 68976
61086 2518
46658 14859
38601 86270
71655 97432
88152 16616
40531 77479
3990 83527
748 96282
12131 57752
51496 73912
8249 47551
71298 62938
25542 52252
79572 36991
95498 15543
83366 35237
83954 32008
99800 94074
14062 94976
95285 60690
38459 5038
26206 46942
38463 36307
7935 99814
57914 6633
66260 79330
56399 78587
74591 34759
69206 79213
71455 95036
15027 70706
63454 24087
89861 3126
42704 14642
69063 29276
93027 70921
17470 76280
28419 42400
1371 97653
50020 44972
90264 83946
54762 86802
15501 74841
45266 66182
33588 86649
8824 3454
44435 80021
8917 15096
14117 6492
25259 82773
13932 72518
20281 73030
35630 64115
48732 70949
67685 58499
25682 45826
28661 8441
98078 43938
19223 66507
63892 59539
91998 36469
99405 15001
91351 42645
18547 97465
72549 93521
84530 3597
50051 95182
42623 28220
21302 3594
32443 22178
52622 18603
58522 70849
66771 99164
11202 89031
77042 62520
25550 67232
63100 21044
83195 99662
468 50027
68578 35919
23402 74251
8478 85044
86316 62272
61179 63118
40314 89867
52620 48957
19884 21388
79258 21742
6098 25185
89791 51953
24684 41823
8316 70615
29501 51288
54938 63673
54715 15425
57870 63990
55450 36177
67090 10815
44685 61950
53989 92087
85560 51292
77714 79323
99751 7111
42714 12659
60118 52372
88924 78818
46667 93664
19301 34663
16195 26584
5440 44589
91405 90493
58613 41800
30242 87685
90365 34264
79180 77710
67540 64687
90029 40131
6834 81677
26761 77912
51171 90917
76255 81041
8114 62281
97999 36794
38305 57593
64739 87350
49477 94513
33191 79912
68918 9667
34350 12020
85689 88844
57232 12675
9141 10684
75703 97931
32326 61867
68082 33098
6962 24306
79114 45270
16932 67130
82119 6377
5000 72759
94235 97710
40524 77114
62287 39683
98784 89493
14466 96176
32621 22442
11938 87263
12778 34904
40375 76158
18289 60711
84741 24522
59638 67192
12065 41804
72667 29931
21777 70280
30094 96267
89642 66326
93772 76613
26743 42176
72792 76790
80215 49578
36449 87551
28269 11680
56739 14312
36035 26170
9050 11149
33206 81686
19458 12377
77255 91525
96762 16853
50714 53307
98924 93932
83158 94803
66102 32071
86731 47364
38796 89115
88571 6408
86426 15985
65509 47418
40306 87893
25111 9138
38494 41176
1937 47908
99451 85677
95299 56683
56273 27501
32577 69623
5447 9186
39686 79252
84789 44244
39879 36923
94209 21369
87509 842
78612 50959
52563 10127
27027 36043
43267 78981
38554 46712
95635 50029
92024 87616
29120 98950
46407 98657
79283 61334
84584 62636
73265 61446
43760 61331
39509 86133
11966 14392
46636 21351
13560 54967
83573 61309
73881 1117
81213 4809
57521 10488
43974 69034
43188 67390
86907 54598
30050 87917
5311 72118
36386 1100
66277 91833
27466 67128
65684 71338
84973 74897
69588 68426
12278 15684
17345 2999
42566 68867
89369 23419
27475 10366
28300 71443
20155 56625
38662 43003
17759 27219
47088 97679
56198 84536
67737 43309
52949 79038
11885 44966
66268 16721
67140 40756
2951 53168
79160 47571
75261 39147
96797 81310
90899 77837
6936 42166
14944 84120
5787 46648
64738 44100
79281 99218
87149 25354
49666 16088
10197 79437
20103 14668
88321 20029
6037 41033
96738 58597
16510 17286
46392 59380
67621 99971
34486 4888
86974 75879
68492 58219
51968 64126
985 41910
96667 91946
19277 87050
74086 52156
98824 36403
96137 38162
93924 6664
63650 78061
76876 44842
18529 53345
91499 25319
88909 70502
24021 35437
10698 35768
6868 32761
24996 30092
85809 98709
77867 38306
1984 30070
4362 10764
45467 87608
6477 15605
2614 54197
54589 15717
98806 7646
73356 65720
42117 20435
69385 86295
24421 56297
47460 13198
29573 17760
92274 53004
20272 91990
66268 71369
81476 10011
99789 87931
68699 30645
92705 8488
62648 8808
88321 69760
74963 22851
99621 56445
31910 82257
69418 9624
93742 97959
55428 60160
62921 72213
84164 76042
55549 5881
56792 71861
91976 68292
54146 76815
46879 72822
65721 64082
93700 6801
35842 55533
27627 94081
61733 52725
72612 94355
45944 4737
85529 64492
59789 67929
91777 29682
53117 63959
58916 45361
60364 27066
39090 69529
24839 92359
2460 19125
93069 33882
1123 97121
28530 44714
43442 55896
79808 14787
24000 18574
21826 8757
27639 55875
36477 95770
51432 94899
87081 12434
19252 50188
45216 37808
50705 88773
15939 41892
41332 52971
11902 42875
65249 13870
31387 64252
23685 45608
53197 59492
7531 17083
74920 35744
15787 12754
9346 88983
58268 42820
90419 46848
42150 12828
31898 79330
72617 25705
40360 11253
51684 14401
43944 33583
82848 50586
77510 45249
77939 78990
92340 76899
77250 46996
37874 62759
56737 87802
80410 8450
45737 80608
3259 63442
21075 70820
35044 79106
56951 18463
49299 67901
21162 66766
81839 9049
21276 49715
8566 87551
78875 19091
47586 12124
55670 46481
8877 6784
77767 11190
35248 56088
19295 95925
61330 97344
26505 19177
26688 78504
85212 32964
55132 89094
35820 58520
38855 86760
41404 66914
8658 93018
4364 92560
32658 10836
93689 84708
25567 6019
9011 70327
62280 11411
22066 91911
94369 72628
48793 17990
102 1790
91345 88690
48713 9848
59921 16427
53580 21535
26876 99142
5290 58145
51714 19632
32217 98263
5431 3487
50833 15592
95639 48916
35951 91238
79051 1389
23681 64711
68315 2390
49016 26644
38647 32151
27285 10281
28999 40559
49704 65883
24277 62857
96237 84565
86381 10917
78423 57036
67027 9703
25832 85499
2662 58938
53120 38615
10970 32960
12945 25146
90520 75829
37311 81517
65888 81702
44896 43860
48863 84198
23253 17952
22895 51798
54434 91792
94466 79778
50505 17814
78220 83584
68524 67716
560 12766
3060 4591
86833 41075
43073 47630
84838 8013
9469 66398
20979 66328
82499 1623
32361 78971
12556 50320
60074 53819
54707 74383
7303 20337
15145 48817
19601 3909
59639 18510
72115 69326
27931 98533
72457 57596
40984 24480
46874 99973
55994 26172
71929 96993
35190 89405
95555 24555
1957 31209
48610 36559
19824 63647
27677 15499
52576 26900
52962 90896
49879 6901
74335 86466
77637 42782
63077 91313
39753 97818
25027 75428
25693 81337
73373 80745
36008 91219
52064 39086