10899310 56397507
75145616 96756244
68002537 30530792
46557640 74502275
18713034 88589800
35592529 22835215
34741444 73438381
31826924 52045759
33266651 76179237
2628685 85284866
81945750 3394728
61978178 23345280
2231986 28607924
37459533 64729578
76247571 37628379
67019174 98808119
86124596 47075791
72450555 22055295
22348032 60928835
79840076 20082831
13243277 36131594
65298896 89809029
40096365 98342425
58615300 76915350
43471853 92291102
58312605 37364440
61475809 7300849
44927658 2050840
46743684 68861169
73859316 57059997
95648170 3383398
97173394 9067452
94809621 11527643
96442541 39502535
72643497 60617005
4496494 3391111
94824393 81233262
96465460 79736229
21081063 52335268
62527418 98297905
272462 91918237
49259472 52190064
27060543 69931832
43702465 87825005
80281660 65142842
57750871 56610906
26289546 18616283
24133343 87893529
31480730 69362835
35155803 93716677
99681945 26707026
19695297 5554644
16179212 33798016
60616503 71266815
60397138 15404429
40326682 48615679
77765341 50323713
43398045 67568526
33672995 6930489
71580139 67371055
57770590 45093241
2324657 90311277
83319662 66046122
39359132 19801276
40977341 3379864
9799971 52033334
9886073 75753912
96403536 30067992
9967253 79034449
62140535 18110692
36818221 75344690
30534442 44378670
30096442 51893642
36478578 62907250
2425967 18569519
16603571 49450629
37409227 2921881
37647186 14697295
32740007 88653088
72647574 98554100
25802990 62568647
91146542 41900360
17274085 2377642
75101843 77862973
56703585 93620568
19567627 96062553
9660185 48961678
26368183 34017244
30333192 2885926
26729690 22050263
86856316 99809730
18466969 99508386
54563494 30894540
43723831 76579276
69656202 36588
14458045 47774926
77230904 63743050
67399149 1824868
75530325 21128369
60001264 45850959
22401309 93156113
78589482 32761877
71460630 57391494
2506338 68368122
39981178 84799423
53044932 46537151
2337360 66291917
40266043 38094702
75018578 84630494
40953279 41974697
88560083 38348919
19079896 40446923
44328606 40096736
6367934 85859890
47597032 10272752
65201386 72569505
88922890 39163211
58028861 94199681
72430960 26128663
92251058 53929019
43828572 70652485
93645469 93318942
57216483 93041683
53922540 13025160
61334972 19639763
33344369 84288730
87070366 29993375
15389597 12963625
63071747 37122163
38743708 33898785
54709500 1559781
49566792 74124203
78346967 88684188
60746751 27745512
7998325 52742258
17657992 88192433
24874627 96202534
49431460 27450779
76878873 45826834
58975509 65930321
16485934 61215481
26097003 204557
36067766 77689226
21337442 87907178
59724527 43595659
88781679 72537436
13667781 52676466
23717290 14034464
26730573 936634
26719487 72785858
80669626 44328960
4777768 69206396
91523893 54531242
91780174 966925
91648024 60063221
39640348 6198847
12463187 27369621
15328708 58427262
27520243 73990881
28268632 74718090
92902116 75824596
18137857 36751842
28156161 77779933
21732684 47467427
32228799 50463954
14570568 17380513
55678649 29118116
7542925 44790996
45302261 9497702
22359265 35665548
5611736 71480351
49942646 30404635
81871127 60390415
214215 64479293
93875793 28242452
6402232 79325227
24331820 90305769
50695507 95675118
73796303 37347252
60669558 2730910
26952683 41952186
90927344 35088317
48641100 84094808
59373750 1026336
78535572 12883977
75838690 66877146
19435475 29611531
30084178 12544077
83800321 34749065
69531264 65413944
39838115 33261588
91983389 25512444
42986148 27592244
610747 26899056
38548260 69565138
62102504 39569575
6140648 32221116
10684294 61198374
71896798 15865381
18235659 35623543
98905865 76269223
6081716 49535808
37133198 92500863
52392466 69132251
7728555 93519912
72459250 68794194
67729156 82582695
26734918 13773945
71791145 14016067
5998401 33211275
38897144 57295273
36656476 85948667
40017398 63390433
24310075 14181345
82692973 3087498
6198505 25278274
23557394 45676423
62170273 94314509
60341562 7177095
12191820 54697021
93501165 72949450
84686852 68294589
53377234 51054275
25668622 19417538
57057671 46488126
71557686 35284832
27263722 32928435
32274910 39650221
73514287 6635703
39188241 86305144
3177457 13750867
19886069 9822700
98229420 85083858
61511437 79565042
60024132 88009509
57386179 5356845
93061747 43946937
48379875 91153508
53378217 60779923
97392167 74370785
94145357 27199349
69519657 97461704
84309804 21696782
9826036 80972281
35232697 96630306
29697616 79191891
26985666 48385576
89083796 66727230
22711338 25228550
97060150 71218113
69667893 32918647
80200981 32927775
57430462 59809462
52416850 53290266
80620157 68033722
17727389 9144608
61836967 75112577
87530469 48739833
76202932 53851270
80240922 16361410
23739934 96612476
68057492 60102268
28092770 62215484
28067841 28931128
48186291 2857335
42317694 67527859
49935794 26010256
37066473 25929725
29236861 26956240
25435532 36624156
17336388 4233392
62225255 42000615
52420578 35673961
48355889 64829836
97026440 34199792
42158845 33799839
46406186 78016160
72251600 28170668
33851936 57710242
10298819 90005761
73755986 35251460
10612272 61107462
91263261 30382057
49123061 45250890
19675233 50434916
893313 84651036
94769375 33581112
94373918 68342318
2958309 9553254
23551894 73899223
55457091 34250615
24957546 25799917
49254578 78923512
65948114 6896401
18135033 24765193
14853074 60882180
6916219 19945066
42116670 40891752
85077301 98543431
87442712 11718298
59140651 87564834
28451498 74506533
83570232 55696097
52809444 73123827
78516987 98379880
50715789 17943644
13531273 10038641
86185195 61646077
63772171 27957395
41929956 41567622
64555535 38127623
24111845 87289867
66695565 99032124
5227406 29398391
26577717 41143249
60170293 70532842
67939981 22327953
99724341 90593944
73333850 3708967
8911118 11160448
63338729 73639700
14436602 92649013
83495935 28354527
54312958 69923269
65479593 84044802
48302700 12384628
96800730 30562583
98267391 37196059
72126252 36904343
4643066 85331691
53356613 60726166
37446460 82701025
53735555 59124842
46959745 67098033
67081033 67820487
60085752 33948807
31417199 75777975
92307423 4545109
14894260 53415389
13119315 43542529
74886180 37872880
47435554 37379237
87537229 29270641
88418383 29450336
32305599 27827607
3310475 42557100
35487669 65234576
11614254 6415300
96551678 448946
93135837 51107399
29994360 70050385
57594003 56017938
5589086 42073377
77278925 71522553
1870885 45404435
61798726 82376054
98355234 63843230
27324798 13244423
73730988 64850221
48169562 22617325
53641478 41930553
10552747 9311120
85686379 57827332
16365419 49305130
44103223 14246294
25827917 5723634
80951783 93045343
4377713 16543332
29479432 52602619
84504373 96377427
95803740 50617116
21786361 51563412
44858691 32739767
54804000 42041046
56788770 5283305
411655 74685889
37901468 99652979
62951840 68526305
18238932 71606136
33358978 4644191
64460066 63180822
8581482 66208541
85332302 6683795
50465734 33093390
99754576 78370581
25327326 74792309
87991430 42981499
606719 28414095
2908341 39269786
90786121 62242046
53882190 43859207
33004556 27592095
27600958 10439200
203713 35283654
97637501 92190483
9664739 47232619
2646996 77093126
84285994 67055991
44285235 18856402
96334583 64403565
22494345 67535880
63953275 390135
75490828 23311371
59970795 17737103
65022138 70965942
68195847 9432405
4797868 80113518
45448853 81388311
21658866 90626075
31478088 92495090
37804986 68059164
49130648 70170243
54873327 48670285
92098515 88756220
91639319 53985040
13469051 67002153
66745273 76480012
5466318 55479046
43919614 41067802
12833245 25330839
88927455 39379931
76523609 56641896
8483773 64387616
58782107 17847721
48452965 69388773
58603819 14081514
57424602 36093406
41237716 38938074
30552647 27378687
16252983 73700580
64353986 18883051
41466264 62465675
8581764 4429287
72619501 66478556
6271887 34172907
70529351 42689161
56493509 49669839
72420012 52443993
54916716 2208973
68751930 36751378
58365657 17392247
4791127 19480052
17840250 30989252
74049516 30821626
89742189 68851576
8330445 84143224
70019906 56692053
77029760 61817923
1255857 73896282
60775091 80002565
7447085 45922229
16806471 96866279
89699404 51845358
65796658 32164151
99749817 9163465
64362282 81112876
91653702 6346044
21263123 2935602
3762950 96088270
33673399 27207060
73678588 35167602
32414342 66883483
76037485 12882943
224029 50953090
73773784 28473428
15318551 74523158
11550455 44008083
24347311 11440626
90699798 63561477
57692720 11806467
77003951 82017856
58667822 24859789
30669524 66032588
63376584 74077483
75829876 82955580
47555816 52449970
41819166 27312741
20225592 12843784
53808922 95523865
35552498 99080557
83588223 90921072
30039808 8759401
25982313 37561736
13651653 14161290
65480146 86668877
67187767 40700825
6615344 71336633
76060678 84420126
28823301 17372065
30641998 82947838
90349866 46525653
92939385 17670544
89885777 31856084
13315966 5140526
920604 93822323
7163547 99514636
97838595 78244801
20709666 25768856
65656142 88203192
13115479 93289861
73047659 18254794
97611080 71627812
3742068 80284017
89313867 93181175
4489974 85774572
39529303 97681920
50510834 91133317
14527100 89518804
98268186 12489687
60764114 30506834
81585107 38445364
3186373 45308869
93994205 978538
91262436 9181363
34066553 70245695
45491597 62739248
79477712 79464014
51949487 67865623
19344550 36873679
54301316 30505813
78686651 71567904
32721334 5042519
21596628 21053661
25286904 69636999
56432130 28269919
78281025 35169097
97028290 37145995
14032946 95902050
40849940 57428648
69117183 7118541
92920899 80574191
95701491 64482794
41842550 42005147
25681066 21729570
18680280 41712953
11314568 69788165
47404820 44640667
36891852 12327516
72227715 41284726
49885902 50461164
17227202 17681266
76023514 63410219
45700634 60842731
48776330 61502626
24598983 78944555
81032954 59526417
24692469 32071478
85237991 15147327
12083785 9576654
7397895 68455823
34816998 1717914
52004366 1650670
7172800 98338861
80479308 33235169
96742670 70563940
72069158 84823982
46960759 50716428
35993610 2385949
82397375 42188503
57780978 22595729
59159865 1120099
98473617 74335881
57616758 47655100
12603536 36599898
75006850 6969566
35181881 7896690
58735866 70403371
6884218 37049330
10600322 12843497
60074809 1515059
68529687 17660878
92699528 4425313
22860485 66862832
47053606 3240349
44873688 59518655
12558514 31046854
9589293 54577147
93448872 84431936
4445067 81912078
1825342 32782058
87642621 40274690
57581292 74938950
49581185 46550996
62226385 17765179
68779728 44923269
36787257 94605168
46186053 61823586
67664148 48630766
12337257 16375011
71248279 70821754
80706210 96114481
74371253 27309564
54916897 39561096
59771368 19582322
95843828 7182312
9194409 43105781
75044917 39300473
89013283 43549977
74728047 91904640
71837173 22058950
73990809 1688728
77142442 98157451
68061748 47646112
80449506 5865942
20755332 22729514
69455592 54135419
11331543 10088751
75823522 36935565
84189827 12803095
81991465 94624842
41678445 45459916
68256056 82133712
38804009 70697392
84516308 46821366
88609476 6502439
47224887 5980322
88935740 51562493
3031009 70632981
6479687 18449471
68604345 74412791
51692833 21999130
828404 59042374
25927852 24093671
63733750 28729100
27832971 32708077
84357792 2588867
96785491 37836176
45179278 95453508
84239016 72190460
21053189 988103
41444414 63314383
45424757 32772349
29128735 6916862
55702386 62311495
74530231 54161289
5015085 26440599
40135247 43995158
79459559 27765377
84651120 29360438
41132757 26953191
70480894 47259387
2009312 60167014
54436756 15808323
2398949 59118764
5821411 91065900
15506402 50328334
50208973 10332073
38843372 66021883
40855594 23604722
66781807 73044037
36545918 65290375
68312807 55602220
58753399 29988596
46536324 58264550
22613899 41299309
79730010 93519760
72373462 41226622
12001148 53719945
68040700 80160027
57602943 41146911
60511109 79468683
29201956 25506528
67288312 72214877
16917496 61030264
52389860 43492178
14534554 85131663
20548011 13946915
28668582 29238259
38330108 39509913
64100026 99950226
20242916 18485801
50775458 77276349
23801460 64911076
91273431 76617506
71782972 22507505
31679636 76376777
31479234 59901897
75155169 73329823
13273719 62721206
18462192 17879969
48079114 24533799
31721934 19550139
41138931 22418320
99352321 38720743
18423028 63038778
91386514 20242079
37395300 64475605
27562962 777914
38509429 87820582
9717361 6394820
60890793 36176588
12189898 76638652
13008765 27612548
21921612 17565712
71070787 16739309
58410170 39170696
72370645 11760028
37475001 22453000
12963309 24973307
75207788 64978180
61064895 72361613
91849477 53454482
61533142 26892043
48994326 49658007
56199045 94706098
48224771 63838267
97086638 60328083
27441045 50151538
97389471 40350001
43732265 44224605
276328 90203473
66712186 68156808
43823981 28674066
20839107 68186940
29688981 23137155
38588508 32610726
70532815 8798502
40957251 7821894
59965894 95337362
98190186 2011865
47085009 50800349
29731235 17589234
27736133 77831798
8471063 92814904
75020015 99475696
69517538 19643392
26318097 69402653
33346520 12326178
99281536 18617291
66848050 96944908
9612371 87025594
40399854 74220907
23014776 33573901
51706628 12432631
31503652 47871881
50572264 34808479
58093095 71944632
99403950 70040031
41037828 19330079
44775722 29875116
68765798 45688341
67478770 58447156
54983993 93971504
33513437 24549448
74607539 85056432
30665860 6469260
40110216 41528088
494701 36207660
46254694 21801752
73253725 65153309
52178011 22098286
48942900 43412693
82707013 84223386
48110624 18035921
96447964 42294500
45599152 49141530
7687946 58781723
56356091 59491041
85647908 95715880
49375267 23878012
7932623 96026803
638827 31427825
11531245 17075257
67953238 38893103
5252083 74988270
44135183 74887926
91416116 66402489
55281862 23279731
6698440 43547061
38923268 89084620
14939868 36655605
5338009 23686909
62081200 39209523
92100348 84577322
75582836 7099341
17679775 23964545
79854836 95044933
83821199 28743774
90644557 72302187
46243493 75299666
14221086 79150214
67566489 95573229
77399058 62704500
51609579 8525561
22244963 10748043
63404716 26584884
53125189 35788201
58546474 25560225
54009175 87571184
19617755 2772377
21351418 47618687
17037226 71695682
9472889 80094319
94173941 19136140
71232089 90106206
97666486 97082495
13450214 77193535
15027342 20004187
22172195 63154742
67323518 24764037
35548575 47870786
17154145 73025026
68665040 90745832
56359581 68740034
75342765 92301139
32821499 79703085
8329426 75557127
81344648 76469753
11154392 92201564
90351712 22932958
31726339 65994555
71041411 2226239
74833741 42095334
45780412 89283649
67416803 87037720
46734379 17476115
95991587 74730287
66704906 96987336
4569865 75376612
15989198 25621155
76424461 50104796
58216794 8989350
17768640 12404204
90310460 44704962
85361172 48941295
29449039 9809332
74119802 99452089
52658670 217204
28659062 65014695
50138590 6699690
19838449 27164942
68951306 4008674
28879660 84488488
11028278 27916586
80392367 76366154
12941333 45291854
79116663 8612811
42358307 67588373
1591027 67476376
91078301 6217883
38037757 87782478
80488026 84718247
55937434 49988782
73947163 15329499
59143061 23825889
79919281 68702707
95901982 86409275
69687783 85371925
72067433 34492087
85278027 15533919
22248970 71137307
88348597 58881177
23570752 48623534
61292870 18282990
17591907 55432854
80553411 40241448
58442945 49579724
22511535 17347008
79559953 72235321
84100062 31449630
54987885 38600630
1668286 49339557
99005828 47276902
99495348 70712259
32394113 61026107
5211774 80407019
36938116 28936050
67893190 1214389
48202023 7379364
2525892 35775751
78341179 60712001
26802289 47263000
3827701 83384260
24421092 7827278
57133949 66305108
58217132 90400465
51066947 48884831
45775286 55503182
44435909 47865170
76539746 64778383
70078521 79272380
51473040 96391227
88175350 47526536
73937234 51194033
68103942 81925131
79534602 71262970
5113297 24548323
50823136 76106763
58978737 33026853
41380187 75718925
59447771 62942093
9529212 76705518
1833553 59547125
76990569 12986024
18185860 41307805
1678447 90984494
91697025 7731136
57470293 78020137
75676957 3204778
50446986 76000654
11426889 54378207
44122029 43667516
35823865 87800619
67711744 31375163
44032086 80154346
39778749 49599882
80762648 91695790
52574096 45262865
9525759 5954981
68579622 98851676
64810258 25967222
51838250 33859921
79252417 38500729
95391952 27221451
58693597 10433362
853408 27993314
82720389 76696117
48529766 48908604
15112099 34514442
69942437 97097885
30373083 19316126
20151959 3396683
59161618 37092372
67869899 8679396
30995155 46734474
52515015 47417962
98079548 16728981
83381439 749831
82169380 42196995
30365184 82017223
19233303 57148718
56142402 73501005
8638385 41008060
90332337 31498170
6222984 31801845
1133516 57821077
5482033 72116608
38515694 87973504
14904099 22055012
61382719 45346154
7097791 86277716
37566428 36627130
23403210 36712140
36663186 82543980
41439405 73697905
18641058 68427283
34692512 76135646
23322669 9460949
14589231 89327107
4275602 19728156
70562558 65544749
17768166 85729062
37523307 19993466
52182366 28370766
61461697 85529539
93778736 22300408
71813417 74670741
28270976 34062623
32517359 37479909
98411557 41973008
20950079 19151963
72276393 69097015
87296870 60145913
65176282 42280362
31743701 27548708
12810614 51488520
91199392 14775680
88001190 16450535
45857760 28570549
74612501 13013171
19673160 6675168
63695045 14934969
42151902 40153267
83239745 36018049
28977917 62036318
52096211 90787851
41187088 50256898
22355229 1898837
57898940 9933392
66318726 6438674
25101316 22028889
88976298 5632309
89049860 71290040
13065501 60660885
8930423 69731017
94102273 50487025
46852029 7020640
15470633 61767463
93887330 83203911
82457849 41369842
4426161 50785198
2644174 96940270
87502004 9593260
23927054 55387907
84458945 14620022
64219617 26017062
92099545 4068203
98063212 51936070
34787536 40501991
99070679 18244616