1436 9073
4010 4850
3277 7314
11 3308
3714 2804
8482 3469
600 1288
5303 1220
9824 3410
8319 3302
7796 8329
1843 6955
5167 8876
6564 9394
298 7674
908 7904
9540 5739
9834 9533
25 5238
6314 1774
2038 3302
856 1357
6688 7637
5033 7852
2280 2577
7630 2934
115 5969
8360 3301
9741 2118
2502 914
2780 3676
9382 4688
6897 2990
9671 808
962 425
8873 3157
2041 2379
2732 6374
5907 1841
2242 3372
7172 8006
3169 4775
4350 4688
6511 8849
7917 4637
8510 4345
3149 6186
1849 6450
5099 2075
1368 9906
6438 8793
3113 1585
7651 932
4047 56
6956 3707
6413 3774
1942 8081
1869 9030
9341 4474
5447 9167
2272 2562
6923 8993
206 8308
6897 4304
5169 5401
7086 4697
4744 6526
9639 4663
8834 4672
4452 9883
4121 2742
6087 1495
7358 6841
5203 342
8531 7695
8979 7184
3679 3002
2376 7891
7480 5992
3522 6568
5439 8929
8296 4780
5597 4367
3305 9064
1139 4630
9958 1354
7356 2595
2089 6627
1942 4498
732 3766
4810 8109
5451 4479
181 3321
1428 1571
1692 4619
2267 4047
4552 3828
9723 8661
8350 8028
6907 9211
356 2433
7120 465
5721 6116
241 300
4621 1804
394 8283
4012 3469
6819 5864
2481 8923
8611 8288
284 9565
8050 4582
9065 2432
6183 5734
941 8814
9844 6438
2549 5355
1534 7180
7895 7536
2375 644
6756 2288
8004 4355
3637 106
8474 8933
792 9418
4777 524
5800 3949
1558 4044
5343 5881
4866 8787
6176 4812
152 4589
4986 9165
6500 3211
3384 6138
8040 9894
9435 9079
2464 5257
3671 9024
8885 9900
2275 5021
3039 3101
2393 108
6821 3185
5038 6730
8915 9051
1543 1662
7606 142
3711 588
745 7061
397 9154
9374 3225
1345 7350
6835 1972
5882 8485
7952 2258
8854 92
3857 5790
4025 7996
8151 1962
9412 8517
4951 123
1256 4299
9729 5281
8068 8136
9687 1575
3085 1051
2580 6542
8276 8268
2614 1049
4264 5086
8305 8821
1944 9944
8356 1828
6388 8400
7589 5979
4905 2029
2536 2956
3207 9326
3473 1362
2832 9653
5791 8789
4870 3164
5565 9724
2881 3737
12 5034
1521 3942
8603 2733
4011 1246
9700 7064
7614 6421
5661 305
819 9560
2188 4824
5761 2895
3984 1350
1965 6310
7793 1399
3178 5649
8551 8525
8590 486
1462 6536
56 1124
9697 1133
8129 7707
7861 9353
7906 2974
5134 2519
1869 5798
7748 5606
4250 6610
2693 2759
9801 8485
8903 3102
3138 4281
2869 7240
1554 6948
8923 1214
7002 6985
6632 2616
5556 1067
5483 126
736 4413
9702 3999
4335 5322
6641 1545
5147 9313
9099 2383
5661 8004
4443 4373
6167 5192
9850 286
4776 8883
4528 9662
6452 5575
6851 4806
4735 4008
6039 5761
8001 8534
8928 9771
5547 513
8467 9568
6908 9007
8716 7338
2335 3560
1419 4389
2162 2368
7928 2877
840 7369
744 9227
6518 532
6921 3413
7629 9113
5954 7462
2645 828
1129 6544
8225 6283
2840 9382
7551 1596
6540 9335
876 3160
3123 4378
9982 2864
5792 3458
1354 939
2889 57
7064 9048
9124 8154
6263 5216
6350 2887
4078 2722
6210 4866
1640 5319
3357 1789
9400 9179
3116 2408
38 3602
4165 3033
5928 7651
2770 5092
4362 8990
4624 8184
7917 7339
7617 2352
3560 2270
2961 4416
7705 2595
1052 1611
1041 4167
5342 179
3521 2787
5515 5534
9248 16
6370 6440
7404 274
6038 1841
7545 8415
431 7124
2315 2305
609 9211
7068 4002
3243 4109
5876 2899
7702 4155
8037 2603
163 4239
9857 4709
8270 1631
5951 4685
3879 4574
143 5245
760 6306
7536 2611
1107 1584
5564 6779
7764 2855
2626 3781
211 7117
5347 1057
1159 6393
8914 6464
3593 8082
7496 3859
3411 3418
1212 3378
1432 463
5568 3357
4835 4822
7653 7150
8962 887
7442 7551
1430 9888
7626 8646
1047 4426
9154 5779
4484 794
2105 2529
9186 6606
6820 2800
6520 7109
9353 6424
4495 6513
1268 4712
5657 653
563 9964
1912 2583
5514 5039
8782 4319
1561 8694
2410 9943
405 2676
2193 5148
8670 4639
2138 525
9255 8826
7613 1268
6170 6756
9939 6934
2462 2587
7762 7197
8568 5046
6730 9209
7746 3296
3183 1041
3607 830
7101 9001
3782 8301
9715 5436
7616 2658
6144 6618
1050 8492
2359 7140
4871 9022
522 4361
4535 6301
1432 8972
8325 2671
9787 5437
3265 9670
688 9579
3832 9625
916 7187
3199 7723
8488 7870
7963 698
5158 5974
956 6011
1802 653
1041 7584
6158 9947
3854 2598
5327 4586
2289 6078
4734 8419
2469 5654
683 9128
4602 1233
5786 4990
3300 1098
8056 439
9688 6352
4095 7626
7291 5456
7206 5471
6693 2299
3061 2849
4424 5533
7334 6902
7980 9145
817 817
3356 8163
99 5883
1774 497
4547 3776
623 1986
9800 3007
5108 4386
2541 9062
5360 8345
6025 2471
8241 4759
2847 1800
7716 6652
6414 7608
6910 8780
5891 4214
3031 4691
5117 6446
2196 5199
6452 1367
4898 3643
3700 2591
2249 9251
2068 5531
3231 5712
2973 598
5551 4743
4014 7176
3788 833
4339 5007
8346 4819
7992 8647
4902 6554
6175 1443
1733 2990
3024 4839
2815 9283
9510 2114
1810 9062
3746 4790
2349 2880
7060 5552
4559 6922
1764 8866
6182 6843
9031 360
1511 4248
4029 1814
8059 140
7768 3856
4476 9947
8822 9871
1925 5879
5428 8814
5336 7550
2151 835
2689 1669
5370 414
1113 3016
7556 9846
2578 5245
5216 1244
3843 4026
922 1350
8562 3419
2364 5989
4020 4934
2882 8815
6611 5565
3584 5655
693 9834
7729 5405
6001 8496
3408 1553
3142 2006
6480 2379
3108 535
9986 9658
83 1058
2101 6074
816 9491
5765 1395
3149 8351
5793 6239
1330 7826
2825 3033
6115 3950
2567 9646
1380 9815
6524 3298
2915 8088
8447 9248
6937 3124
7914 4156
2826 2053
1561 2577
4051 7622
3180 4318
7300 2791
5219 5329
2161 8752
4971 9184
2217 3738
3528 4685
9130 5728
3696 8027
6139 4916
8879 7837
2895 5432
1828 4272
37 5670
3138 3867
513 4372
5906 1152
9988 8755
8277 1143
1048 5545
7863 6106
9154 7046
9064 6448
1403 5359
3017 110
5761 1222
7074 7142
5254 2965
1384 2815
1196 2107
7318 6791
6917 9247
249 8446
5404 5682
2501 1246
6478 7348
4396 9419
2794 6675
2762 4179
2873 1839
5740 1785
2599 5316
2321 1797
7573 7541
5208 6890
7657 7936
2705 9015
4828 2021
7527 1035
7422 5639
8943 7223
7493 5258
6095 5968
1150 1686
7103 1454
5767 375
6939 8141
2335 3479
3579 6360
7991 8517
9421 8154
5631 4481
4733 2406
3564 5677
5717 5547
8914 188
9401 2673
6131 1497
8938 692
809 8797
4433 8782
661 4550
8117 6984
1514 7157
4582 6535
5220 3973
8255 7684
9314 1581
7040 2845
9349 5941
8487 8600
4829 7996
8114 4184
1751 7931
6546 2307
5952 7160
2560 2592
7661 51
5106 3707
8260 6753
9921 947
6353 2270
9416 3610
7941 4279
197 7554
9842 6694
1688 2392
3728 8117
3408 9501
9092 8121
5061 8089
650 9837
3486 9233
7447 1881
1279 1555
6427 4493
491 3672
4500 331
268 3163
293 9274
3351 4644
1507 3878
377 761
9338 5282
6697 6857
485 121
5717 1650
9573 8833
1788 5165
8215 5846
6562 8828
4474 5318
5500 3104
6634 339
2639 2051
5403 3669
749 4598
3949 1066
4724 3673
3940 8023
8099 6831
703 1775
3665 1431
8015 5087
2531 4714
4540 5663
9289 4921
4473 2986
4042 2286
8671 8320
1814 2332
7263 5152
4096 4631
281 1034
9569 5465
5067 1685
2323 7275
2751 3044
4535 9418
2172 4661
5953 9298
1725 4397
9672 1625
6085 3167
2758 4040
1773 7707
4171 6976
3771 9996
2502 354
4289 7852
8738 2611
5128 2872
3490 5787
8906 4950
5307 9435
20 8698
1626 1529
4433 6483
1535 6952
1500 8281
4232 4473
8152 427
2740 238
8342 5418
8584 1565
5226 8793
3065 603
5932 1022
1699 5495
293 4876
6661 7577
6181 9034
3542 4623
6827 2714
2829 5318
3505 5682
1467 7309
9616 3629
4692 8464
2416 7683
6906 7076
8469 1109
7603 4674
4295 8311
9867 5423
2389 6146
2149 884
2907 2645
2085 8448
5713 8483
8493 7385
7357 9432
2504 2617
5965 3508
2958 4464
9136 1600
7341 5768
413 1742
2963 3464
8546 8842
7694 8184
31 1777
4641 4240
7085 2239
234 4734
725 5942
8493 7696
2489 766
5765 3818
851 9954
764 6616
3549 4401
7794 2038
1336 3042
3093 9746
9210 3758
3929 2336
4364 418
5713 9311
7046 271
7757 5237
5013 6700
3727 6437
4782 1374
8648 7403
7097 6225
3770 362
8135 5149
3119 3491
5422 1513
3909 6346
6311 548
6130 6515
7963 6575
7611 189
3649 5161
3852 2629
5509 1949
4762 575
5366 6012
7609 4293
734 4111
9586 9631
9262 862
3008 2440
1850 6186
7726 2572
1195 7933
3941 4090
4404 7850
6491 5080
4831 2784
9843 4563
8509 8764
3770 1847
9879 6026
8685 8422
3638 9917
8998 5082
4546 7545
2644 3105
7838 9708
5252 1898
7834 9368
3122 952
2424 1824
2413 9017
9580 6817
1507 8987
8284 4097
4304 7592
1669 2091
4654 3175
8643 415
8276 33
9009 2787
3393 2156
9852 1649
252 8632
8275 2532
7276 7335
2398 5354
7970 4509
1096 2995
724 1515
608 8806
3323 6379
1423 8664
5966 6260
5688 3164
181 1138
8475 1494
7247 7446
9272 9408
1834 3414
8777 2699
7957 799
1711 9564
5545 722
2107 2743
8394 6157
8830 7900
6991 7847
8491 5522
3162 9266
5484 3472
6647 3312
1226 3578
9873 3181
3717 9138
8121 5765
6328 4903
8225 5753
1286 1575
420 184
5828 6164
2888 2895
9924 5375
5896 7941
2185 7850
4972 4694
144 7495
9075 313
4299 6495
1001 2532
5178 5583
3661 8053
3084 5579
7370 6458
8564 6438
9315 6802
4405 7154
5948 5925
73 211
8476 2340
4751 5128
1954 4581
6687 4195
902 7856
5596 5784
810 5958
1165 9461
7199 2510
4764 7199
9928 3003
5569 9551
258 6454
8208 9706
2252 7169
554 8474
5492 2664
3978 555
4819 2986
1391 7790
2220 6007
5156 4396
1345 5544
146 9227
8013 1763
4798 5900
2073 6961
3453 903
5116 2497
1767 276
1693 2672
5443 6964
2481 6648
4662 9349
2420 8926
6651 3686
3390 126
2329 8656
6412 1699
350 4470
2232 41
314 9165
4222 4890
517 5870
1730 1574
9755 1833
113 7315
9013 7458
9593 9477
1570 4016
1060 1293
9848 4539
87 4076
7812 9571
4740 790
8898 7784
2081 8069
6112 6047
2178 6528
4614 3162
2068 9979
8407 6114
6093 250
8591 5888
9453 8913
355 309
5196 9959
3983 8912
9485 4392
5550 446
135 1266
3767 5385
6889 2656
9838 891
3697 1449
4755 9319
2439 9662
9970 8885
3601 4151
161 2233
2029 4895
7705 1868
7268 8571
5446 2585
1994 9220
8983 761
1895 7657
7721 7013
5516 4263
1685 833
9499 6271
5217 5156
6495 6906
3431 5632
3383 8437
5145 4996
7509 9006
1561 3424
1089 181
5605 1273
2944 8358
8273 2781
7655 2006
2515 5944
3592 1835
8849 5062
5117 2452
8749 1894
9050 4574
4580 406
926 2530
9771 9457
4809 9805
9291 2041
4921 6195
2517 3976
9526 1733
4540 9544
2977 3136
7315 7077
2806 4750
9825 7788
5479 6289
3814 3979
1611 2284
6896 3554
8359 1828
3028 3626
2892 9708
5485 5945
9488 9863
371 7157
7464 3241
4022 6306
7627 9696
7657 6978
299 8313
894 6057
4613 1718
6326 513
1736 8070
4344 9023
8319 103
2063 2847
1393 7715
8574 5728
2747 5384
8122 4415
9913 7163
4958 4573
7994 8547
3769 2154
2015 9185
5342 8722
5795 1240
5869 741
7824 9272
5883 2805
6538 8662
462 7566
3091 5344
6018 2837
7931 4694
3001 8948
8387 3796
1277 5901
687 6021
2812 5876
5976 706
7995 7657
1742 6280
2857 5561
8301 5492
9175 2709
9469 9307
2308 6300
1822 3088
9080 7372
8506 6801
5114 7796
8217 2987
93 1341
8315 450
2865 9389
3940 1037
9040 1793
8839 4760
7009 6271
4095 3113
3491 8675
3120 1448
7175 3616
8565 2794
6244 5482
1977 4836
4877 7967
392 198
5077 1050
2640 8549
4287 780
4871 8579
6750 3255
443 750
9318 5170
9057 8235
8392 3430
7865 600
1396 5794
2532 2293
1209 4686
7278 6137
2815 2217
6380 4776
5576 1286
1276 8373
1991 9369
2505 600
4267 2343
8201 6067
5682 5516
3972 5292
2219 2903
1086 6792
4482 8398
4073 5628
7416 2970
5527 7152
6532 4776
7757 726
9138 7912
8961 5314
529 7544
3570 8845
1591 1585
7029 8522
5558 1025
6060 6056
2249 6031
399 8925
7311 2969
5517 1834
5248 4766
5735 7995
4842 5691
4656 9556
8873 5120
5402 428
7774 8955
4424 2447
9361 6830
3674 283
2829 2287
6585 4555
3516 5560
1016 4503
6017 2389
2928 8492
5232 1512
1220 7933
6382 8096
4366 9774
1252 9418
313 5712
8554 40
2408 8687
9916 2217
819 4525
1862 8481
3492 2330
6487 6281
3384 86
3584 8876
3760 1254
9029 8015
8830 7194
9562 8874
9626 5362
6787 1933
4815 8565
5973 1826
6621 132
3980 9661
7330 1999
3585 442
8902 2253
8539 9881
8832 4888
7394 6970
2261 6291
4467 959
2812 4987
5610 6538
3955 5787
8815 6999
5554 2400
694 9186
4472 1064
8867 2037
6157 2116
1521 6209
2026 2225
9803 2825
677 2680
7027 7207
9751 2233
987 6029
2735 9698
8740 1707
2188 7198
1958 6388
9227 5363
3578 7114
7173 7002
2278 5542
9689 9268
363 209
3023 3685
6485 1478
732 2904
2939 4447
1468 3942
925 1905
6318 1391
3168 7443
2186 3016
538 9958
9885 2420
840 322
1307 8599
1938 5255
3295 2108
4133 6282
8006 3446
1551 1528
9651 7293
2301 4578
2807 4589
2800 1325
3655 1065
8078 3235
9778 4681
9644 9982
6778 8298
3289 2082
4009 1422
7132 9449
5968 1154
2639 1819
2660 2846
7511 2493
600 6447
3253 357
2188 8861
541 8558
1222 5578
4297 76
5695 921
7370 6944
4053 5629
250 2199
5990 9460
5915 6303
5017 3835
1690 5920
9345 9863
5945 2341
931 4132
235 5420
2530 3538
535 9660
2183 7489
775 8683
2642 3032
7157 4639
7746 8319
8476 2947
9496 8858
2262 1595
1960 5874
6274 9609
7984 4795
4351 6692
3203 866
9193 498
8171 8554
1787 3873
9511 5083
4781 9617
2887 9937
3091 2134
849 1350
7838 4375
6727 5079
540 2967
7088 7784
6850 2716
8933 9564
5232 3248
1933 2550
5557 5903
9260 8718
7618 759
5200 9082
9807 1023
8937 3040
2822 3133
3599 348
8578 5925
8577 8630
3930 1948
9214 3037
372 2016
108 4723
8771 790
5187 1845
8649 8703
7739 3874
6492 3874
1649 8685
4867 8305
9698 914
1415 221
2822 385
4819 1454
4874 8196
231 7094
1778 2786
6445 4331
6394 1683
6141 617
4287 6050
2119 2005
745 7466
8932 6562
1771 2452
2855 3787
7379 7983
4080 4912
1518 5132
2718 2292
926 4579
1166 3718
1101 9260
8362 4771
9601 4519
9688 95
8384 1187
4915 7969
1156 1200
5679 508
9023 6226
6570 169
2563 9018
3898 3137
4249 7212
6543 3919
1100 622
9142 8714
8330 9470
9067 2681
9921 2999
6222 8071
7993 3164
2963 9176
1426 2573
8833 8090
5521 6134
9343 6116
7062 3783
4681 6953
6418 7414
3637 4043
3870 4613
2284 5923
569 6381
5378 7743
2092 1324
4172 7180
7443 7730
2976 3796
9430 3236
8555 4021
7942 5940
9519 4254
4485 1358
4593 2190
5374 1123
6851 5636
7233 1495
1114 7519
2808 5017
8293 4263
2941 2425
3310 9258
832 8384
2167 5412
7388 3269
6386 2120
5434 5137
1658 1844
2932 3313
8114 1697
4662 5090
9096 6233
2837 546
2658 1716
2390 1522
1653 2402
1463 3693
6536 5412
4003 1621
2019 3912
7568 9009
6991 565
1815 2115
6472 6383
7656 9765
7454 102
5330 2008
2542 6435
5854 9518
4398 1733
5710 3390
1254 202
2558 5041
1743 4581
3974 2133
5379 4382
6205 2414
6434 8161
1451 6029
2585 9150
8799 890
1025 619
9942 6625
8408 6861
60 6797
6784 2846
2433 4680
1619 3847
9972 1077
6186 7585
3354 6198
9547 7182
1142 8255
9111 2534
6635 2101
9692 6934
8335 9222
5310 6100
7016 1965
3122 3439
9624 3548
366 6960
8915 4016
4620 6741
8187 962
1998 1938
5801 34
7503 2210
200 5203
7611 2235
4176 1867
6818 2257
4044 4429
7618 2292
6033 983
1137 9132
8201 2461
7475 9014
5757 666
7354 1527
3329 3602
5328 5876
7633 8925
3285 5592
5686 4290
8791 8565
2012 3443
8809 2761
3991 5278
5331 1835
8201 2850
3289 9157
1308 2618
9340 2813
567 6732
4818 3825
7414 2679
1094 7002
4059 7633
6308 9960
3459 4789
3452 1504
8298 1047
2236 2933
6787 2764
3093 1067
6022 5851
4238 4088
7554 6268
8830 7798
4138 1415
7596 6101
2492 7662
6392 250
466 3138
8413 171
6821 6422
4782 1018
5453 1525
6331 8584
249 2029
4971 3027
6208 4766
6055 6185
4672 7512
1663 3897
1550 9622
2271 9
3112 4236
91 5493
9716 7561
3520 5632
211 8399
9312 9078
4925 5050
8291 3298
195 4566
5466 8947
606 3473
571 261
4262 8268
7900 7617
9833 5938
1157 7240
849 1193
3822 7709
2446 8325
6640 5323
5530 8402
726 5305
5035 4986
3907 2570
2219 6532
9177 5985
6272 278
4482 236
520 4168
7916 2201
2037 2102
6537 7329
3503 9409
5080 9046
7659 3583
9632 1556
6278 1759
739 8107
8658 4516
8872 4480
4061 4531
5839 6834
4409 8475
8415 1235
9596 2842
393 8151
9874 6789
3534 187
7138 9431
2096 3006
3581 2986
71 2699
8126 9650
2555 3913
9928 1593
4746 4599
1166 4568
8724 2273
3607 4186
7395 463
1559 8691
410 2497
6261 593
2312 7755
587 2009
3256 64
7304 9077
633 2739
3101 9400
5679 9006
9167 9799
6133 424
2888 8032
7659 4110
515 9076
7513 7040
6757 5340
5316 7535
3406 7690
2835 6639
9693 7757
5359 236
5164 2441
4542 2576
5617 3086
365 4352
8125 8966
1370 2191
8740 8889
8296 790
1781 2071
9518 6768
5045 8021
4899 9863
4551 5656
9253 2403
2378 7749
7290 5528
2889 2649
7753 6099
2268 1416
1311 4010
8590 5285
742 5177
746 6554
6916 5673
5981 4824
5744 7067
4651 2529
4800 6803
8740 242
5384 2792
339 2426
8485 7311
7666 1205
3690 589
4109 7850
2333 2640
7133 1197
8254 177
8743 8097
1388 2465
2048 5219
7606 9211
2061 5686
5250 7306
753 864
4763 7881
6664 8145
5792 4219
3979 3708
7896 5019
561 827
9886 1496
4542 5858
3788 2500
4532 921
4019 1298
2523 2084
9202 8816
5693 2520
2745 6160
5971 5596
8624 7933
6960 9384
1361 4423
9555 5338
8931 1549
2425 9143
1862 736
6387 8760
3264 2519
7694 2487
5757 4779
8958 9865
9645 3276
1711 8605
4293 4246
6986 3023
6904 5357
7903 9320
4741 9674
5236 6993
2839 9378
3774 4561
8961 7511
291 8765
3350 4679
2444 5341
2561 6814
9398 5978
453 6863
3365 1130
7016 2519
9080 9948
9303 7060
9574 5225
5081 5735
4555 5915
520 54
7604 2998
7731 9014
8885 9613
2285 6165
6885 8327
8462 1070
9826 1896
2639 1551
9319 6062
8551 6306
3752 9882
678 1467
7774 781
4771 897
3097 4857
9845 6322
9720 8757
8308 515
6830 3514
3811 7836
4485 574
3277 4868
4309 7653
3658 1689
4700 7032
952 2834
4947 4327
9629 9812
8685 7158
6619 3491
7710 5698
2902 8270
2841 2162
538 7699
5460 3117
1169 7141
7778 1930
2266 8763
9208 351
2327 2242
6509 4891
2099 7006
8649 8796
5637 6854
5154 1422
8296 8278
6724 4307
6526 7669
3214 990
9218 5145
8939 8826
9315 1830
4796 2167
6138 5
828 3378
720 6809
610 1157
8385 5602
6552 1540
3951 3839
1547 9676
1447 9950
1566 1756
3372 6409
4229 9256
5717 4628
4384 9608
9190 1722
9754 7929
2100 7868
6360 8906
4288 9794
8085 3066
1728 4995
2040 4585
7811 921
6729 4513
8386 6196
7325 3191
9510 5801
8709 2521
2079 8554
9645 8570
9725 3179
6634 5103
1497 8383
6337 4139
1214 5873
6703 5785
9950 6332
9875 7860
738 1165
6027 7419
769 7996
7090 7994
3947 6691
3542 4125
7212 5573
3950 7653
8072 8447
2030 1021
5423 2768
4656 6787
4177 2604
3372 5044
9604 3095
4683 6351
8631 5342
6126 8720
4102 5444
9619 6357
2309 3801
5330 2784
4512 8940
1283 1871
8829 5991
2857 5422
3634 5257
7182 5683
9858 8032
3575 681
8312 1952
1911 7385
2819 5537
9884 1423
8552 3086
2906 1587
9460 6157
4164 8470
2630 7666
3635 161
4867 7885
9662 566
92 2425
8202 6853
6318 7361
9328 1986
258 1488
9984 3997
8214 8155
2323 1010
385 378
9381 6539
3942 6634
6204 2918
8904 8571
5858 1373
9802 4951
1842 136
2607 8702
7204 5050
3352 1900
6263 3207
603 1158
2626 9295
897 9592
4785 9067
2828 4843
3347 8568
8463 3732
1859 7371
213 6030
5473 1875
7238 6357
1927 2530
5394 9383
1930 1433
1778 5711
4052 8102
1179 9619
4182 3489
5996 9073
4969 4072
2706 4313
8035 6307
2610 1391
5603 8731
4370 3220
2692 4732
1374 8027
4860 6182
6279 3092
6114 6862
1625 5241
8250 1916
4495 7765
3063 1781
6247 9687
2908 8341
8215 330
992 6311
669 1695
5057 9272
3623 8686
1590 2475
1034 8425
7038 6575
1747 4304
1840 9911
8365 7410
3682 4137
8273 1740
1467 1290
5471 1505
4615 4418
2732 862
7337 8458
8492 6244
2805 7376
3274 3418
3371 2159
7056 3353
409 1588
8963 9331
3152 4656
6991 8099
7487 1711
3419 1714
3550 629
5730 8958
824 191
6021 1273
5029 2462
7914 706
828 7552
6652 1375
3968 8316
1152 5447
1447 8085
2857 9836
600 3608
2254 8539
2428 2323
5904 1575
2842 3066
3876 6693
3010 2132
5196 5761
9752 8691
60 7673
1567 4871
5098 3375
9263 6264
7682 6654
2332 6095
8608 9185
8791 5130
6956 7686
6311 2620
7715 2105
9474 5034
3993 219
1119 5050
3214 1061
4489 4204
3465 7803
8375 3748
4863 3341
4041 3868
5160 1836
8110 626
3533 3486
2482 1135
632 8024
916 2565
7747 1003
1869 5734
9757 5745
5598 8233
4614 1214
1095 1840
7917 584
1410 9498
9850 6514
6323 4351
9388 881
6744 3362
9178 8331
9393 3566
6178 532
9741 2992
3053 8272
8497 942
3352 558
807 7833
7509 9999
3675 412
7474 6001
7700 1997
1868 6886
623 2096
1732 3438
8647 3714
979 6276
5510 2334
6503 3601
5997 6991
9059 7618
1546 5708
8979 1146
5096 4826
1954 1605
3861 5517
640 3825
1843 517
8945 9272
3906 9882
6745 9560
4734 8241
1225 4322
7852 2805
543 9662
1753 1589
4618 1844
9734 890
8110 2831
4386 8071
2503 6887
3427 3223
5618 5989
8869 1121
1088 4648
2709 564
5170 8850
98 3179
8809 8618
7869 9258
8789 1967
1261 7530
9057 8833
1147 1753
8589 8244
1136 8816
2278 5369
8726 7925
7830 4501
4089 3278
6248 2231
5034 1449
9325 6356
6444 7857
1027 1087
8120 847
3044 6763
995 8394
9265 4942
271 7298
7802 91
9788 8299
9041 9067
3047 4174
1046 3702
4344 1330
7319 8732
2241 8742
8301 2957
8129 9821
9274 7980
3922 4078
8257 4056
2855 97
4296 2250
4272 5428
4350 9738
3397 7100
689 7267
282 5911
3475 5029
8579 7625
4451 2418
5534 926
5556 842
5272 3349
724 333
9929 3204
914 9307
2590 5579
4735 7326
2117 6763
7253 9807
1291 7865
4831 4923
5848 483
1945 6339
8384 1114
6805 5693
7485 7180
430 1026
9786 4933
1170 8554
266 7131
1671 8635
4327 5609
6048 8877
7061 1957
5539 8024
2369 4423
4502 5292
2808 6734
6511 6884
6287 8197
5475 6852
4059 7408
785 2867
1149 4433
899 8048
2341 7202
5289 3925
1481 9231
857 200
7141 740
9831 8834
9148 6736
724 3627
8646 6055
2968 4118
320 8624
3638 5409
4180 9855
3176 6825
4702 8863
3701 6792
7839 7838
600 9502
8411 3342
8449 2959
8385 2618
6305 6719
5810 5678
6445 4980
8266 359
7524 3031
7227 285
5842 5118
3660 7499
9057 2368
4931 5733
7561 3280
453 9132
7177 5314
4114 2030
8509 7736
7677 3962
8537 5074
349 2861
6209 770
7690 8144
4171 4247
1850 4939
8641 6178
3445 9802
1380 8277
3212 3026
6474 1285
263 7976
5644 3495
2375 6764
7914 7561
6136 7128
4472 589
7359 1586
7342 3455
1252 3559
7682 7704
8705 8547
8 9003
5572 9263
6741 2854
4201 5827
8827 5632
915 5754
4188 2530
3015 3192
5887 25
9226 5287
3155 6606
9807 5100
6668 3546
6699 5178
5010 5382
280 1041
2687 8020
1950 4602
2669 8097
1258 3325
127 4591
7438 8867
8741 3247
1706 3187
1890 8743
366 5978
6544 5252
1701 2816
6010 6684
2482 262
7595 4649
6836 9540
4045 4433
3696 381
1637 3004
7287 6841
8999 9485
9864 524
5813 4976
5870 5301
5856 7548
2919 4473
655 2068
6538 9607
9685 7731
9613 5593
9751 4319
2383 925
7552 7949
9092 310
2664 3131
3384 7671
9764 429
1916 5433
2862 9702
7195 1098
8041 4545
6996 339
2609 5267
1718 5064
7418 5223
6295 6244
2394 9904
8405 3589
5034 5164
7439 1816
7140 5419
7414 9286
1618 3497
5947 6383
2988 2960
8479 7349
8976 8607
1078 1004
8205 5244
156 471
4770 2303
6713 6043
1908 8784
4809 7385
356 2505
5725 6323
3686 2128
5707 8754
7586 6755
3167 2374
9397 4720
148 8043
6926 3544
9715 935
3209 7414
5312 5012
9751 7461
4556 9901
3784 3408
1408 1549
7787 7378
4691 8081
1964 8481
756 2728
5084 2233
7809 8912
4911 1646
4603 3142
3854 2427
9020 6191
4742 3655
820 4124
1010 2672
3092 6187
8183 9086
4199 2363
9339 9238
6548 5461
1700 7989
4676 4939
1992 7766
7664 7369
9186 7844
7996 1894
8080 9070
3116 4737
2763 6672
4859 6366
2586 7610
7306 5321
5990 1018
9083 2103
8245 6010
3056 1115
3633 8487
4874 137
2205 245
5756 4825
5522 858
9510 315
434 3877
9037 8895
4310 7035
4408 778
1947 5049
5948 2822
7804 6705
3995 962
3077 8573
45 6619
7692 6543
6029 7154
7248 8180
3798 7269
2385 6745
3924 1210
884 6568
9416 650
1450 6753
2148 2364
7782 4403
1055 7012
2462 9087
7553 1994
915 5665
3884 3742
3894 9254
6317 1414
4088 1711
9972 5796
7185 6046
981 4562
990 6830
1741 2451
5285 8910
8795 7183
9235 7450
3674 8847
1673 7948
6161 1290
568 4696
2442 1163
3377 3096
5166 4357
9049 2349
4149 1866
1307 9850
708 8967
4179 8805
5097 9291
3630 8594
326 8402
6141 8917
9080 8463
6207 5226
6675 5650
4107 6141
4 53
461 2076
8640 4093
8585 2219
4109 9481
4977 926
5367 5187
8912 330
7528 3510
6723 2653
7296 8579
9526 2921
9592 9635
1943 3909
3667 8039
1589 4907
2905 3468
1420 5647
6673 9458
9936 9860
4491 7632
3969 7610
8571 1098
7239 8845
2883 8905
4160 9959
8940 4323
9767 6147
6547 9042
8967 5549
5029 1807
509 3407
421 4729
1813 5248
1509 9948
950 9933
6334 5779
5344 8618
5831 9495
5714 8828
5743 8893
1440 7082
4520 1349
4193 9772
8009 2287
5110 5602
9476 1355
1379 7211
9393 9905
701 6080
7138 1076
4606 2623
1754 130
7827 435
7758 524
3830 7147
8716 9071
7071 1349
6646 6226
6171 5205
7466 6974
6618 1308
57 7290
3179 6617
3414 675
4819 3295
5792 4031
9064 2769
7159 9589
7374 9980
9410 5874
5405 4616
5681 3628
2351 1016
3176 922
5987 5371
687 3450
333 2022
4550 9014
1345 3680
6149 4411
3664 1532
9628 2220
8521 4856
6891 6280
1107 4694
1313 6185
8035 781
6522 9330
4687 5363
8386 9239
6196 6982
5165 1907
5654 817
8048 6433
9789 8642
5172 820
6893 2636
4485 6621
348 5516
4599 1133
60 5223
7729 8657
5525 3127
6428 6962
5139 7386
6196 69
5422 7527
5210 803
408 835
4259 5929
8070 6154
1445 2289
82 2314
6105 8986
277 7554
8337 7981
8653 6702
4580 3422
6043 2846
124 6769
9098 7087
1430 8945
4409 3139
9454 4461
3932 3437
6428 8025
3200 6173
2400 1395
2845 5704
6598 291
2404 9495
5602 4945
2260 1657
5564 4631
2586 6689
26 9401
1377 9247
6979 3942
3345 6341
4258 9313
683 7318
5228 6016
2811 6723
831 2484
1012 9187
5363 7889
9661 8021
6910 7911
7483 234
9609 8376
908 2827
5391 5837
3402 2041
9834 2679
539 4871
7752 2798
6995 60
1784 2657
4649 7078
4468 8445
5355 7629
8106 5901
8300 9400
9518 7682
9686 1568
623 5736
3533 6300
7111 7992
6746 9293
2750 6229
2470 6987
1048 3364
9579 2262
4943 1949
9662 9142
95 3438
3208 4892
107 8944
9759 3272
3769 6445
6798 5838
8936 702
6297 2431
9366 3646
8487 1677
5966 1555
7746 4714
6350 3495
9916 7829
9217 2851
5365 948
6908 3982
9184 278
6589 8019
4836 7985
194 2016
3012 1289
9285 7200
5747 5845
3487 5788
1931 78
3347 2105
5805 5855
7555 4021
701 4932
7432 5305
9832 9735
9373 2508
4317 8691
2712 1081
5589 1055
4658 4509
3873 2694
5919 4262
9473 7808
3233 8741
3079 9922
5551 7804
8365 3757
8799 659
9508 1675
3489 6998
921 6495
7913 1573
4127 3239
8402 7432
685 3182
6072 9563
7198 1371
2271 6073
4065 2620
2067 4404
751 8750
6941 6634
5175 6095
6409 1392
2362 2852
4243 3933
2639 9605
4061 5935
2018 9624
4166 5290
3692 9089
4617 1872
4428 8256
1155 8198
6150 2719
8902 6328
4413 2809
1368 2801
985 1857
43 5182
4929 6610
1660 3855
1918 8435
4559 2981
2469 9347
2295 742
6076 8323
8721 28
7480 9155
837 5039
4516 5099
4311 6890
4650 2186
9671 8335
7208 1101
3178 7268
4700 8538
9217 4600
9951 4062
8461 6576
7405 5268
3502 3018
9657 4869
1452 7288
4421 9980
7622 2854
1432 7257
1456 4069
3709 5628
5300 5366
2553 1816
2977 2116
8478 6493
9105 2555
1676 3103
8614 6466
1724 6053
552 2389
9989 1084
7181 9425
789 4942
6819 3086
5871 7178
5440 4392
1068 897
7641 9711
3720 2727
7804 6243
2701 1226
6512 1462
7117 2873
9116 4753
3771 1908
6201 8603
6483 9606
7307 2224
4495 1672
2972 6491
7559 7103
141 7578
6569 2701
5054 5384
3561 4928
7892 2370
4781 8120
6545 1130
6251 2222
5587 7565
2990 4464
9477 8234
617 6994
9666 1121
7276 7329
5852 8994
5103 843
7793 9523
8057 8606
4656 1600
8922 953
6729 5846
704 4198
9813 3853
3717 5630
5828 7545
7011 9573
433 6202
8742 5099
1070 1441
3250 7779
461 6365
9856 5296
5485 2534
3884 7685
4392 9885
6081 5219
4165 5263
7545 397
6402 1947
6275 9334
3081 9870
1714 3105
9129 4255
2051 7992
2060 8588
6925 2373
6237 5210
8744 4318
7391 7188
5639 6883
747 7668
4675 1429
4589 1927
209 9169
7835 1580
3961 6814
8702 9397
7320 9849
5063 9397
5853 8073
3188 1093
9920 893
4636 4067
7204 4056
3743 2081
4939 3935
9547 9878
593 1029
829 6881
8279 5771
4831 6570
1029 1991
1241 732
2100 4056
4710 1018
7285 4301
4858 5745
3716 5528
6623 7624
891 8762
4025 9707
704 9065
7434 2965
7890 1205
5759 3438
1245 705
341 9555
4988 7110
3090 5604
6939 3714
4628 5775
9744 8176
3403 4571
6212 935
4040 3602
1531 749
4811 5770
8403 9004
5378 8162
9954 4575
4803 6254
6138 8507
3577 2931
1504 7849
450 5968
4833 3701
7593 9125
6641 3437
4720 9568
2913 698
4612 7539
3663 7869
3193 2414
4281 1481
9385 8118
2578 5552
9730 3116
1624 564
7123 7074
5021 2578
7056 4013
3100 73
3675 5294
5522 7002
104 734
9334 2722
4519 616
849 5858
2052 866
2782 3510
3189 9256
366 668
7377 994
9808 1548
3247 8315
3592 8007
5419 6894
3136 6756
3196 1951
9887 2318
3121 6116
4330 9756
6978 4277
1782 7827
6616 420
4321 1461
1041 7959
2437 5698
7478 4189
407 1813
7891 6606
6586 5955
568 4323
5449 9943
536 117
4915 5959
530 8047
3019 5624
2039 4351
6386 946
1542 5444
8398 2288
4759 4709
9803 4989
4376 3202
5926 8804
7479 2247
8100 9050
2892 2138
5846 1636
1800 2416
6699 4360
3631 5090
5099 3514
7156 7091
2168 4407
895 723
8051 9909
5610 1781
8813 9585
7926 9252
8722 2808
416 3952
9910 8052
6076 6680
4712 7449
9329 897
5254 1362
3548 637
9467 462
4587 873
681 8115
1377 4489
3443 4992
5948 1712
1071 8698
6405 9124
9471 5633
4322 8160
6683 9225
6306 6364
8799 126
6899 3363
2508 3062
2347 7383
8684 779
6017 1522
9907 30
513 8495
295 5353
4977 1689
3544 6527
8663 1720
2440 8335
78 6645
2634 7845
9976 9708
5282 8428
5363 2854
7256 4527
5654 4994
1941 1825
1934 6213
2570 8588
8855 2899
54 3508
8554 4569
5584 9992
5332 6047
1211 2084
2169 3291
1319 7107
4906 1107
5200 5015
6592 7144
7911 3052
5811 3198
6562 4850
6012 2188
6021 9855
839 7714
5785 7173
3131 5358
5024 2551
469 4056
8744 3412
1610 666
6442 811
9650 7022
9215 600
2381 3928
3027 5373
721 9488
4834 1036
6223 1060
8062 6090
900 9068
8044 8957
3484 5548
8304 9829
3564 5095
7031 1714
2596 1739
6835 7047
9111 7947
4144 5139
3868 7239
4366 5990
260 1962
7049 3352
498 1817
4358 7003
246 4173
1203 918
5109 4402
283 2179
3927 3883
6413 4097
5138 9725
669 7031
7845 6976
858 7806
2162 3266
1687 2180
2924 8754
4225 4388
1173 3110
7590 6953
4706 1777
9850 425
6059 4658
3510 4584
6036 9588
16 3448
2729 3059
3518 8868
3815 5154
848 1982
173 7373
6994 4880
1838 3704
9397 2153
5582 4122
1328 6406
1917 701
1212 6615
6978 6254
5616 1924
7766 4351
9513 9073
5877 341
4016 5262
7156 6125
2062 7269
9961 6139
4772 4012
5381 4691
9579 4379
2366 4552
6167 1285
3843 4315
6822 1255
7915 8696
8680 8952
2770 6157
3889 685
1315 2403
8317 9132
7750 971
5388 734
6052 6378
7711 908
7503 2126
2989 7092
752 6555
7494 337
9398 3754
9818 6266
8875 3922
2308 1715
8497 6805
7275 1360
9980 665
5772 7178
3992 6348
2861 7197
9711 6124
5410 3265
5304 5699
9932 42
4900 1284
1000 717
3850 7698
1317 2215
1635 9066
6892 5592
3269 4358
8339 5251
3059 3051
1259 9210
3999 6854
2819 4747
5111 1176
5844 4957
1403 5477
5791 562
5372 2990
4050 4781
1956 6311
151 7544
535 3606
5037 9773
5324 9643
7178 1313
5500 6014
2622 9772
3342 1587
2741 6918
8555 7910
6329 275
2913 4582
8086 6101
2565 6335
3626 8987
5744 7943
524 1652
3949 9045
6343 7525
4589 3708
9942 6733
9393 4159
4135 8340
6589 8772
5500 3518
9692 3091
4401 9249
4435 1359
503 5840
5181 5586
8087 4398
6169 6595
2257 5242
4540 4649
8652 9825
2846 4263
802 5209
8146 9760
3479 7460
4881 3815
6220 6894
9522 2023
1614 7173
4620 5391
4632 3251
9385 3015
5048 8446
5047 8280
8791 6013
7863 4076
2614 3462
504 5988
6736 7720
1526 6612
4921 6547
6469 618
7622 8605
6825 8915
9590 3720
1407 6210
3588 32
4510 7603
1692 7474
8888 8675
2450 3520
886 4572
2031 3727
2837 780
2027 4288
7688 9986
1950 594
7063 1556
3669 5245
9392 776
6464 3277
8471 8958
7813 327
4439 192
6218 3207
2483 8044
9529 9951
7456 4628
5874 1298
1987 495
5689 9137
9829 6806
4378 4059
5775 7575
6136 1796
7878 417
5149 147
6782 6585
8470 5376
6749 8339
713 3650
7168 4706
2696 4604
1139 2764
9230 2813
2090 656
2451 9880
306 6783
2199 1818
4355 1734
1717 3802
8105 712
344 4071
4596 5824
8467 335
9980 3967
1815 9326
5738 5331
9318 8497
7403 9345
7318 4607
945 7910
892 3941
4803 2187
3056 4980
5464 2221
9250 1475
3723 7574
1837 1389
3093 6610
6052 4179
4719 7477
1268 877
3948 9266
6015 8632
9680 57
1116 5646
1231 8521
5024 2600
5675 3371
1665 3576
7820 3261
3506 5737
5485 5043
2282 1372
4133 4134
5670 1234
5365 3010
1544 7504
1215 939
7388 7723
1199 8882
341 1241
8887 6368
5491 4262
9962 7274
7029 5218
3372 354
376 3039
3059 2391
813 4543
4655 1217
4986 1720
57 5467
4142 8850
4813 9183
4830 8138
2623 9714
404 1681
6107 1192
2661 5555
4004 7393
6219 689
338 1841
8256 4643
9329 7350
4150 7068
2063 4743
543 6076
4813 2402
7721 6814
6739 218
8212 761
4972 4783
7931 5858
1806 6629
9002 4341
8046 7098
1608 8544
3744 8242
5523 3552
9021 414
8590 4059
636 8642
1206 2885
364 257
9014 2664
2065 9261
1665 2830
2362 8792
1927 4403
3546 5718
7936 5598
4698 9742
5183 9030
3874 3680
9792 5070
6446 5119
3628 2569
2443 8726
4902 1608
6166 2703
2405 4260
18 8145
9467 859
3344 9097
3652 8969
4359 4935
5578 8736
6829 2455
1288 9279
270 9736
5852 3326
5980 6383
2262 2788
119 7800
8009 7842
9140 5909
7252 2142
9918 8828
725 1787
5333 5818
233 6751
8307 8228
6017 7925
9058 2416
2068 1905
9247 6909
7544 400
3790 6076
9451 5585
974 5910
3711 9542
604 3324
3670 702
2985 2215
4267 5766
7377 6460
7781 6437
6468 1705
2846 3560
7991 4571
2342 9602
6102 8921
9855 3410
5736 6032
8056 3187
8190 3157
9720 7377
2343 8749
3147 40
2231 4585
6539 3117
2771 811
3383 4546
3719 1075
1519 7799
7195 5813
8131 1366
6925 4576
4250 8416
2580 2916
6282 9253
314 5394
2478 1802
3322 9396
8791 3355
6841 214
5268 9110
4363 197
4101 1123
6319 5006
1939 9526
1877 1145
8134 6085
7408 8306
8035 2238
4124 7956
2610 6211
2331 3473
636 1062
4331 6456
4178 7875
5164 2102
4390 3583
6360 3262
6352 1067
8917 6250
7220 4854
9884 4411
5722 9552
4098 7336
7610 1091
5796 6609
8188 1439
9701 3894
6956 9323
9351 3836
6583 3492
7292 8775
4368 4418
8094 5463
7947 5934
9904 2700
9711 1101
5636 7825
7357 47
1666 6200
7456 4812
5257 5295
6642 2657
1182 54
8356 641
7659 2275
655 8008
3020 4440
7303 5749
418 8509
7109 5363
8602 243
4429 4603
2921 4237
9095 4111
2923 942
632 4112
2089 4630
6062 4181
1553 1447
3211 1241
2141 5292
2635 5786
965 7114
2325 6089
734 1455
1354 7653
1991 9977
184 7039
5553 3430
6687 6514
1325 4330
1651 3596
7238 3164
9663 4622
9933 9373
4975 4556
3318 17
5530 9680
13 3982
5986 9004
8572 8150
3505 6633
3790 9035
5007 7448
3793 8234
9033 6397
600 5051
143 3132
5676 2707
9745 2164
9898 5204
2500 1203
9765 4261
5790 3469
4658 6308
2302 7550
3302 4956
4417 7266
8701 2402
7093 9397
2520 871
1244 7844
616 9736
7868 1024
7068 418
4922 6956
3947 1789
6637 9585
8445 5085
8469 7171
9128 9008
5917 7645
8179 4798
7955 5806
8142 4640
5758 6318
3337 2591
8885 7662
8608 2838
788 6432
4927 8817
6628 4167
5303 4503
6198 9397
7475 2051
2283 6575
641 4469
535 2399
392 6725
5694 1982
4022 7332
5634 3187
5163 1337
501 1982
3279 5836
8284 722
1209 5967
134 222
6774 687
1783 668
6389 229
2649 4979
4127 722
6174 980
6522 6162
1656 3359
1253 4549
9944 7147
6241 8079
5171 94
6638 3917
3765 2173
1938 2286
411 9484
577 7107
3054 8941
5850 6937
4032 6973
3476 3100
4066 1180
6567 5857
2272 5238
8226 520
935 9494
1563 1313
919 9763
1973 8061
8007 1315
2834 467
836 5098
1458 2135
9694 1289
2060 6386
7079 1026
5697 8122
3971 4811
6593 5628
8170 695
1082 8915
2850 6811
604 5567
4622 6726
7713 7900
4643 3233
2398 7765
4392 3558
6463 7497
8288 8490
5533 715
9925 5675
2041 4876
779 7571
6501 9465
8397 2868
6884 740
9975 9505
6240 6690
1786 9203
3796 3241
5734 9908
1671 3062
1610 8670
173 7917
3681 8703
8554 1269
8221 2194
5787 6030
8400 42
4208 5853
5590 8883
8032 4649
9558 2716
4059 4881
4102 7193
9711 4871
7595 7985
8535 7921
869 6354
7654 7606
2508 4434
7615 4127
1113 2502
8176 8977
4499 6577
6345 9779
6903 6235
3615 136
7142 1504
3305 1705
7388 4801
1816 1100
7375 7802
6061 1385
573 3616
3979 3077
1117 4938
7864 3955
3645 9828
8056 1332
7136 5428
8912 6879
4791 223
2654 527
7885 5953
4784 2857
3168 6668
8198 9593
3490 804
8859 6530
2487 8771
6137 9401
5571 8320
1529 4375
8729 7663
2007 4062
3113 9450
7007 1580
6486 4505
3226 6093
9990 7911
8138 6804
5013 3520
1032 9001
3610 4187
7277 2585
9255 1842
7797 2884
5247 7469
5558 9677
122 8266
633 4716
5512 7130
6816 1844
9695 9295
7662 1600
6669 41
5318 7525
2852 5964
2338 7648
445 7524
1016 5165
8266 8346
621 1243
5652 5291
683 2506
9185 4083
8412 221
8367 4043
2940 1318
9485 4601
4 7636
9355 2614
7114 1442
5231 8822
7914 7145
3156 3743
3649 6244
9459 2960
4873 2173
5542 2373
9068 2278
7298 3861
1982 1113
5613 2082
7073 3211
7510 8217
2587 3044
6041 1748
304 1645
3618 6984
5832 2199
7625 8117
6351 6831
2195 7566
4340 4242
8971 274
8494 6567
7009 6445
3716 7455
3333 902
452 6881
7646 7038
491 5858
4910 5267
4064 6181
8477 7822
9007 2497
12 3171
6635 3953
5343 3135
4399 9805
4141 5708
6923 8053
9617 6597
3152 661
1929 5229
44 639
332 9126
9407 6598
4792 4965
7027 4676
9472 6542
8323 1910
9970 4700
6772 7783
85 598
7064 59
3703 2074
4444 8821
7709 8068
3106 3725
1200 8012
6761 3568
9174 2272
5386 1020
3758 745
2419 4909
2975 2208
4367 307
3568 3934
9521 4929
4550 5210
6539 6736
5216 3741
7392 6684
6253 9574
8702 1534
1105 3600
1834 1713
8616 8891
6392 2595
9868 6237
4004 6214
1845 5802
2348 1365
8730 2283
7077 1774
216 5406
8711 2938
8459 441
8469 9593
4199 5272
1433 4190
3721 5748
7844 766
2312 9570
3274 3198
1372 8028
401 4808
2749 2217
759 8536
7246 9465
2282 304
2055 9734
5953 2225
4381 2690
6840 6196
3052 6751
1205 2789
9559 9430
6750 5110
8777 1908
1884 4441
6819 6243
3468 7674
6184 5963
3331 6215
297 7034
6229 4471
5523 8825
7237 6463
4735 5081
3515 5101
3582 9856
4398 8501
3353 1428
8732 1570
7300 3931
0 8619
7594 776
4192 2277
5526 2445
2808 4875
4738 7998
5943 7285
2937 192
1430 8380
7116 987
2781 2531
2108 3133
5078 8971
8106 636
6903 4179
1463 5128
9436 8332
568 265
959 7325
59 8018
6732 6381
7126 6766
4768 9511
1142 5328
9669 4777
5643 6164
2856 5550
9283 8341
4196 4433
2581 1207
2835 7808
3261 6300
2862 9962
8836 1574
2071 9347
351 9357
5885 6631
499 9052
1247 9049
1339 5578
5587 4416
2323 9818
699 7854
3720 3432
5815 9617
2464 1954
2629 5572
5366 4190
2353 4122
1670 4885
5987 4692
926 4492
2926 5845
457 8159
4906 6313
1399 8090
8006 3366
1538 6390
3037 8036
7739 6303
9996 3348
1832 3738
3109 1688
6092 8439
3799 8622
7621 6103
7930 5140
6667 7649
9354 6527
4515 2437
913 7763
3367 9623
4113 5627
5047 9915
7028 5452
7127 2525
871 7725
1503 7372
4207 6307
131 1893
8017 2491
4608 9939
8752 8702
9350 4439
8101 4475
5528 7893
6002 4770
8969 6315
9381 5788
1862 1904
3757 5024
9548 2341
950 3081
8662 8645
5928 98
2185 6717
1669 1702
6034 3161
8384 3946
8292 1264
8176 2203
5502 9007
415 6428
3793 7262
4949 8273
7072 6322
2511 6549
8925 5792
7579 8225
7745 8324
9646 7286
350 5428
5387 713
9655 4871
7900 8444
8079 8468
1827 1671
1291 7870
5365 7268
1689 6715
5683 2131
8281 4344
8492 3013
6889 3682
837 3396
7591 9280
5342 4909
8251 6285
2641 2368
5544 300
1331 6769
5273 8444
9750 1085
3051 2808
3769 9823
4974 4424
5203 9306
8701 7161
3110 6366
5497 5088
2008 9978
2198 2894
6790 7469
4496 2463
2841 799
4529 8554
5161 6264
9482 8752
6502 516
225 4100
1249 702
6069 4926
6979 8047
5716 9893
2507 6624
5698 5495
597 9745
5177 7139
6380 6786
5983 8782
6782 1722
1889 9132
5852 1377
3085 9546
3266 7971
9166 174
7766 686
1153 2536
7043 5143
9094 629
6612 8518
4552 6074
2009 4037
3764 3478
82 6688
7327 2044
4011 262
4243 4943
7075 4155
9040 8662
5925 7699
2575 25
9864 6646
8464 6499
1818 7273
1631 2335
3306 3803
1375 4761
4881 372
578 5583
2351 5600
6771 8050
1117 3181
9670 6476
4873 9872
4653 7212
9738 9307
737 3017
4918 7135
5081 7244
7693 2975
1878 8827
4005 3026
1048 7237
5666 5014
8591 7377
4082 2086
8123 7003
3409 5751
6678 5682
5213 1376
9030 9783
7914 6730
1865 8158
2772 974
2203 3710
2408 6093
2504 5157
9572 2353
2610 783
7015 9485
4773 9447
8828 8407
1081 2087
8785 4833
3074 2684
8907 1888
3635 3835
173 7176
7170 4124
4014 8339
396 1147
4946 6056
4695 8221
3255 9165
3954 7213
1660 2483
8958 5458
2238 4313
9518 1491
4036 8465
1770 3455
388 9105
2965 2366
9311 6966
4089 7665
6183 1343
5017 5165
5030 5585
6211 3642
745 3658
6826 5641
940 9200
8820 7435
7494 1935
5081 5922
8745 7805
1461 7468
9863 6947
5111 6755
2583 7590
3753 9446
9684 9790
7035 3616
163 4578
8240 9829
941 9854
8832 5651
87 7366
2429 7293
2537 1232
6343 1543
2304 2024
7116 5549
9668 8091
4269 5103
7388 5220
3413 7600
8730 2514
3306 2689
18 9578
2415 5750
3163 6114
9440 1473
6847 8169
748 99
3240 4410
4629 468
2261 247
3289 4586
9362 9158
5586 8700
5218 2996
1636 322
1009 8098
9032 7984
7104 2582
2552 9597
652 9973
9377 2719
729 7745
660 4168
3705 8250
6577 8112
5133 4946
63 4583
5055 4535
2549 9101
2639 6907
2329 1070
2993 7453
1429 3431
2356 8564
6298 1752
4069 3852
1551 9905
8562 8802
9067 685
8594 5082
3185 5827
3656 2584
8330 2106
3606 5915
8725 7293
2947 9348
9607 8654
8289 9855
1417 4969
5777 4300
2766 8822
2851 6491
3079 5647
4096 5975
1480 9642
8920 8699
7114 8244
8084 6056
3293 8298
4483 2772
4234 5826
5171 4890
7254 7832
2839 450
3567 9029
4543 1250
9093 9186
1963 7450
2115 906
2261 2100
5300 1715
4202 7744
5477 4268
9856 8224
5819 5420
3870 196
315 9862
3480 4150
3573 8885
3924 2249
8071 747
9563 1714
2312 3043
2127 6646
8070 1073
7714 2926
6455 5090
8538 6719
5260 4463
8134 3004
6554 2365
1606 4709
3192 848
8472 3468
2638 6517
5327 9537
1500 4996
5288 9103
6593 8165
9093 6136
6243 9560
1470 158
1159 2135
6771 4313
9539 5387
6330 6289
9333 2352
4100 5052
289 8056
4395 3063
345 4060
9791 3276
3941 9124
3004 7901
2255 8722
7150 9627
8974 9467
4742 1996
885 3923
4410 5536
1557 7340
1160 6249
3285 4219
4529 1350
1108 1967
299 2395
6955 9208
7005 1609
1889 2664
5119 442
1092 198
8188 6408
4967 5184
4846 7158
6184 5048
5047 806
6736 5215
6432 9172
8912 8763
7187 4450
4084 9879
1707 4866
3976 7240
4155 4837
2355 1607
5296 4589
969 5095
3305 9313
1866 9707
7343 985
1665 2709
2471 3253
5564 9075
7205 4490
3868 5193
8189 7768
6409 318
4768 5329
1197 8504
1722 431
2552 8614
8603 5923
7205 5191
8753 8116
6518 1966
2100 1009
901 9408
8185 5858
8799 1470
4569 8102
5220 9694
98 460
6777 628
7197 3635
6493 566
4871 3088
9576 8410
7534 5561
2010 9374
6705 7235
6184 5361
1369 3912
8170 9613
7347 1402
4264 3321
7257 815
947 6235
4935 7746
9798 2994
6936 7232
2748 8942
3424 1612
1891 9366
213 8331
9574 5722
6378 3266
1004 397
9511 7908
2150 3499
4298 9525
2755 8076
4588 7251
4668 8208
5583 9133
4796 5691
6093 8531
1087 5598
9439 7010
274 8671
2015 4900
1628 1358
7845 8043
2930 3789
6611 8459
8967 7652
7402 1162
3741 1073
7729 4247
1959 1480
8632 1241
8131 4607
5768 9506
2591 4198
9283 8095
3275 576
2822 460
2781 8593
8013 7790
8933 9192
3520 4076
6679 4555
1073 8178
8369 9760
4100 9977
9783 1025
5025 1301
8911 9439
8349 9144
3146 2006
5000 1131
393 1492
4837 1870
2908 4995
9907 5394
7872 9420
7645 6989
6080 2361
3950 2037
2163 3937
7223 2643
1259 32
5294 3945
4905 822
1179 5193
3192 573
5986 4813
8420 5772
3859 5382
8824 5820
1417 6850
3166 9101
5085 1465
771 1478
7553 8685
6064 749
5949 1670
9934 2539
3305 5364
4754 7291
4862 6274
7864 6363
748 9407
4947 4685
2088 1589
4572 5335
3549 8233
999 1548
7727 3313
4279 1905
5944 5108
427 8843
5939 3733
1873 5414
1351 7558
4505 7257
6625 6061
4555 7155
7952 2875
6293 9138
254 9777
9126 4707
8779 5148
2816 1173
3764 9452
9094 8847
9898 2023
9576 25
4481 1288
9317 9230
6986 8023
2726 8610
3457 1485
250 5277
1992 1519
1558 9675
7192 3558
3039 9798
9088 225
4161 6215
4348 8994
6562 2754
5135 1728
7824 7588
2033 5439
1308 5053
2046 2269
2026 5755
7522 7450
2230 8455
239 7821
2001 7920
7788 4342
3665 8744
9926 5220
9752 1950
678 6105
599 7284
6522 4716
8256 9682
7506 1019
2697 9798
2761 2065
9222 333
2580 1720
4024 574
9364 6546
6203 482
9501 9524
58 3827
143 1642
1335 3527
5842 1408
2356 1573
7579 1499
543 4507
5457 2879
6749 4496
8081 990
3710 8803
1980 1390
3027 1335
6566 5179
7830 3445
7583 5945
6385 8501
9883 7824
2104 7848
5419 9266
6491 5277
8025 7143
2216 2262
823 8153
6401 1428
1215 6669
9265 495
6682 1087
604 5456
8561 4629
4708 8935
9077 1684
9495 94
202 3778
6256 4597
2103 2078
456 632
5911 8367
8061 7015
4131 960
2065 1587
9141 8661
7663 762
1466 1038
3450 1369
3719 6677
7969 7550
9538 5198
996 8363
3498 8423
2593 5688
1088 8620
4714 1423
3245 289
1341 1091
570 6211
5129 6890
9084 7603
3444 6008
2702 3992
4166 1485
5712 1714
1849 2641
2855 4839
5197 4224
3375 8319
164 5832
6098 3755
8890 3840
4933 99
5834 1635
7304 967
9100 472
2446 4168
4770 5136
7831 6671
8937 7541
3878 9760
3419 3329
8861 5302
7496 9496
4811 2814
2043 7149
2869 3810
834 7914
7909 9789
3023 3307
9924 7986
8089 246
8004 4704
2083 5717
4374 4998
9898 4434
8145 5155
189 2965
7533 8100
6877 5057
8567 7970
5268 1505
744 7124
2500 931
5167 5896
4942 5251
6280 2880
9193 6645
7699 6150
8068 4424
9291 7881
1711 1344
9545 3742
5353 267
230 8163
2779 7917
8360 3111
3593 8793
6352 25
6692 8432
9310 6397
2144 9695
6284 2184
786 9133
5616 2894
1699 8045
9717 1012
3420 8563
8574 9973
1975 8173
2524 3641
1673 8550
5376 9855
8739 1995
9209 5130
1076 2344
7728 5469
3387 7029
8029 6172
5456 6242
4534 2178
4819 8628
8045 6753
6502 3002
3690 8579
8636 2957
6623 9787
631 5376
4247 1481
5533 1309
4677 9934
8968 2378
6080 2419
7593 35
2692 6716
7223 5644
7178 3344
8259 2961
7635 8993
3678 5004
2666 6497
6192 2078
8987 6425
9750 3285
2334 2553
824 8098
7131 1749
3290 8005
2608 2103
6449 590
9640 9827
5553 7242
802 5087
7413 4708
5872 8691
2339 3581
9079 7996
5616 5098
4778 5298
3106 5850
5134 2014
6308 7696
2833 1013
9017 1696
1283 2816
7160 6812
2712 1615
1700 2176
5654 7915
9048 5401
5897 7901
2216 9199
5197 10
900 5237
7990 7511
58 4624
5450 6497
4136 4692
969 627
5481 4163
45 4246
2935 7573
8267 6608
7425 2696
7957 2105
9279 3452
8454 1316
3516 6177
3083 1648
3088 6417
3005 6004
3594 3617
5615 2522
272 1735
5891 687
2123 6996
6002 7175
4000 9506
5717 1108
785 3057
4040 1510
8748 242
9648 4417
214 1671
4505 383
4208 2867
4395 2943
7466 9126
1587 5002
350 7244
8893 4281
9849 6711
7755 9449
9802 1542
8884 1031
9967 7806
5639 6069
8986 1560
7603 3419
2295 5836
6406 6552
8536 3368
9320 3904
5801 8025
4035 7000
7837 3585
4537 6815
2412 6014
9772 1634
1003 1293
7568 3610
5560 1950
9454 1702
777 9029
7749 3648
2052 7956
5701 5017
7582 6572
6974 3265
1226 2412
2822 5563
7756 2907
9927 6880
5164 5021
383 3518
4495 582
5881 895
778 3956
6180 8225
4644 4930
4511 2494
7148 1740
6347 7532
8367 6121
1170 2785
4838 8796
8297 245
2790 4784
6424 3015
96 5373
587 1234
4709 8735
767 7059
5380 317
4194 3722
5296 8962
5389 7652
3438 439
983 6573
6722 1678
2464 4454
8803 4063
7238 4435
5693 1312
3544 2186
5749 10
1042 5434
5264 7184
5687 4066
1255 7341
3530 6752
6625 9329
828 1171
1548 5365
7881 4719
1822 47
4292 1648
6295 8088
1754 1632
9643 4565
4195 9950
9254 1617
7732 5216
9035 5597
5007 902
3351 1293
1302 4924
7578 1945
832 8192
8487 1406
3535 227
6643 3748
9891 7641
1016 3917
6993 5197
6967 6726
8384 4313
7335 6033
6158 7837
8465 6844
6102 5603
4551 7134
6109 4663
6162 3412
4648 4110
3013 9411
5332 84
5166 820
5571 3025
3703 5513
8221 8423
7504 9041
8353 9441
6474 9487
8683 3783
3348 3843
9484 7824
9163 1684
957 3095
1148 3895
6484 6588
5607 2173
9457 8764
8822 6281
2247 7739
2467 2008
1905 1084
5014 2581
2512 6837
1271 8063
330 5198
2291 4846
4587 1792
3467 2602
5854 8238
2011 4937
1269 9105
7737 9977
2705 6496
4320 5952
6649 151
1114 1650
7619 3113
9157 2340
1636 5145
8721 6385
5912 4443
3989 6062
3757 9242
409 3491
4397 5589
7494 3560
6203 2628
318 2239
5978 2712
7646 408
6427 3009
4529 9794
9803 235
1402 5393
7598 2129
7997 3238
4420 7534
2482 7982
3815 806
5062 7858
5727 5265
272 5697
7237 8806
5343 8112
5689 409
436 103
4785 6192
8515 1965
5046 8607
1484 2282
9458 2267
7491 8121
1064 770
1602 3150
7483 7358
7275 6522
1580 9591
9238 4967
2076 6324
9979 6052
4843 3905
1666 2941
2672 2101
5947 4408
1370 4371
1614 2495
9771 8422
4771 2791
6800 1660
5478 4203
7001 9733
9226 1254
727 4329
4108 6252
2108 2079
4805 474
477 2395
1208 8553
4622 4731
1503 338
4301 9811
6448 4660
6600 4547
2952 2348
1878 4582
5597 9760
9780 4676
5253 9420
7768 6583
6742 4610
1903 8436
3437 5851
6713 6633
4772 3925
9417 9225
1727 4986
5190 5157
1433 7426
180 7321
3773 9641
5495 172
6258 1063
4792 250
1166 1906
1228 3432
932 204
704 3211
3340 1460
1297 6705
1668 7136
2954 7473
8645 2426
9458 513
7336 3705
3208 3649
5198 8072
5992 1391
4757 2
7787 2347
6921 5299
8579 9139
3593 6117
452 8726
6801 9472
1100 5683
5168 6646
1424 3397
5288 9174
5687 6249
7044 774
1790 4859
6981 9590
9926 3953
3285 236
3857 6309
25 5891
7627 1012
8094 9552
6251 4895
3649 8851
6181 419
2928 9119
2184 2820
1207 4780
285 5429
5441 2597
3402 6829
3023 536
9319 1485
3323 3201
673 879
2228 609
848 6842
3298 3985
5371 3663
70 1822
3212 4661
9863 433
8881 4147
4332 3693
71 9452
2154 2827
6743 2215
7069 5370
3872 3922
6528 7088
9817 1806
3441 3677
8180 5027
484 5225
7037 7126
1699 1664
5376 2734
7502 9402
9087 3054
429 9443
1550 7004
8607 9761
7008 2836
650 2799
4941 6737
9971 3917
4087 7995
6087 1582
4668 2852
4613 3134
6934 7259
6032 1347
3881 9568
1781 7060
3085 7431
6971 6704
4787 9690
6306 2047
4384 1420
5260 476
43 1361
9817 8946
599 3157
1787 390
2797 3968
1016 9283
4770 7268
7176 2973
8280 6024
8579 5718
3685 581
7337 2275
6457 8822
6877 2504
797 1816
1482 3343
9530 245
5312 1325
6683 2887
7377 562
5266 2107
471 8552
3376 1536
1772 8255
8995 3384
3134 3640
5946 3206
422 8323
771 1643
5330 461
3775 6792
7133 632
231 2601
3191 4882
6966 5880
6588 3617
5799 7971
1461 2988
1244 8255
6811 9817
9110 7115
2164 889
8319 9685
9353 8908
6556 2353
2654 5679
334 2278
1791 8489
7797 2767
5098 1143
4717 4873
9858 7088
7101 8882
2400 4008
1567 5217
8986 5201
8615 5307
6518 891
5711 35
1736 3696
4823 7883
3027 1177
3711 7811
7112 6424
3780 428
4050 6359
4930 7312
791 9474
2439 7361
3297 926
4368 4972
2421 8707
6070 6828
9316 5489
6552 4795
284 5014
4950 2913
6762 2258
8118 8117
1863 1478
8948 859
4490 5883
1509 2525
3980 3861
9939 2659
9971 2548
8467 5675
4074 4988
5773 5382
7510 9800
4961 6614
1286 67
3145 9690
2068 5257
2187 5510
3159 5591
9043 7613
7239 7168
1601 9203
8360 6420
9963 6494
782 7812
2355 2388
2002 1822
1252 4190
6029 3234
1589 3087
8006 2048
8873 9827
8210 661
2160 2710
3370 3668
5502 1689
7249 9735
2222 6377
1914 3052
7957 8235
3462 2509
8092 4293
1159 4343
3094 4296
3706 4929
4898 9077
7039 8916
8465 4903
363 8251
2204 9359
523 1886
9571 506
5873 140
27 7534
4819 4150
436 269
7945 1951
8330 2902
7711 5478
7569 8431
4522 4129
7759 3846
4466 4598
4683 6644
1921 3160
1088 7297
8914 9023
8861 3614
5116 954
8381 5197
3684 631
5205 5913
1691 327
8973 5837
1793 3719
8715 5585
6434 8226
3497 4479
3790 9351
3649 9635
7559 2086
5056 3214
4055 3235
3473 6784
5532 8299
5936 1422
3902 594
6581 4567
6746 8479
3091 1441
1098 46
4532 3799
2230 1186
3011 8213
1657 3995
4916 4954
4773 7292
1975 4248
9039 2178
4625 3812
7125 9092
5803 8732
7120 9488
110 3046
9051 9902
9731 1207
3025 6356
6648 9381
2116 8388
4206 3540
5578 6130
9386 3454
4571 5013
4285 1405
7141 7299
8643 7180
8107 9152
9953 8684
7534 6185
6402 733
2386 3345
7594 4379
7121 8223
4228 4451
6161 7860
4765 5227
255 9638
4331 5640
3540 2806
4577 4248
8279 7930
752 9361
2997 1314
3761 4931
3448 4713
5175 8642
6034 1868
7680 9836
892 1089
759 2773
5127 6245
8498 5187
4631 1066
6901 2048
8940 9502
3711 5727
1971 6261
3169 7870
166 671
4343 64
1746 8551
4357 5345
2358 4906
6016 7184
6518 2420
5568 8604
5126 6005
3283 7420
7169 6811
4053 8948
5053 8887
8254 8700
4907 8657
4604 1474
7463 3046
745 4424
2813 1926
9455 4496
8631 9371
952 8837
8328 7615
1992 5779
8506 4992
4510 2564
4301 106
8533 2370
7780 576
1370 2740
3022 3918
8556 6333
1244 7775
5847 667
4429 7278
6001 8706
8010 3209
1295 7
2828 5465
3628 7427
2771 8458
9828 1200
594 9069
1389 1269
725 7058
5272 8659
8708 1390
5129 7758
5320 780
6857 102
6518 4310
2514 2514
2054 6775
5880 5390
3337 8294
1042 2293
4568 1619
4872 1082
6755 7104
1307 4577
9560 3254
7748 2573
1528 5792
6153 2803
2876 7297
3131 3779
936 8308
9707 1520
4097 5929
5906 6629
6396 9721
5024 8177
6829 219
465 408
3724 4996
9611 5575
5900 4830
538 8509
4514 2822
441 2476
6960 6561
6380 3576
6870 7270
1372 6
6262 2164
5237 9289
5733 4207
946 2383
9632 5578
367 5870
8448 9440
3791 4479
134 1413
7676 5081
3265 4226
8071 2441
3777 2945
8133 7979
6402 8157
9345 7934
2627 4419
8689 5208
2733 3586
3079 8613
5530 1878
9746 2085
1072 5953
7210 1078
3452 7378
8292 5511
1334 5571
3589 9370
183 4694
7097 5474
399 3944
5874 9328
3239 6584
3260 3206
9006 3947
1508 5716
3831 7065
7804 576
6644 2831
9562 5188
3127 1674
3233 8368
7005 5892
170 2331
1878 4637
5916 9828
8117 432
7143 2725
3038 9491
1198 6698
3523 1197
1742 1204
5449 7111
4273 1031
7807 7229
3331 8203
404 6450
2393 2944
9440 5615
2004 3373
2938 7506
877 7716
6470 2744
6939 221
909 1005
5893 231
1271 936
3729 6563
4716 8802
5637 9785
3989 7542
5961 4049
8447 2419
5557 2568
2980 6417
354 3980
4892 5914
431 4683
2609 3603
8469 2764
6221 9527
6280 9598
8190 9326
7875 1862
5335 8084
5866 5138
2311 5955
3974 1557
4478 1407
8556 8652
44 6724
7126 3429
318 5389
1366 5883
3848 3986
4469 7535
2316 3734
5350 5278
2035 3031
4811 5656
8267 3161
5915 9147
8317 6024
1191 157
6773 4911
1374 9811
2923 2755
8744 7702
9835 8262
8896 3741
3773 5279
5301 9484
3303 9060
7434 6656
2797 5435
2743 232
4618 2175
4580 6710
9569 6089
5536 9808
5589 2508
7757 4903
8485 2845
1664 9331
6656 4864
5553 9761
8671 204
6557 4192
2905 18
9471 5986
4677 1187
5450 8046
2041 803
5784 5001
144 4342
5201 9399
6432 2715
6024 4401
3631 3522
709 9589
668 4424
1318 264
1235 8032
1950 1270
1709 6896
1301 7648
9695 6174
8485 8548
8306 2559
5851 6217
2302 2096
9800 8401
831 9187
9984 1926
653 5263
442 3226
4205 9145
7752 1590
9329 6090
7601 6266
2803 1989
2456 8976
4475 258
8219 257
7342 4662
1797 6409
8213 3831
2456 7610
8550 2448
9815 7715
356 3981
6099 8954
6417 2823
2842 7472
493 2711
3338 8305
241 8569
1681 1817
2887 8683
680 1048
7465 2436
8129 8661
4243 4170
2261 6979
91 1610
8497 818
6825 9494
9947 1902
3460 7537
2478 7373
5362 9529
9880 9178
7269 1520
3184 4749
2568 9779
2580 359
3333 3388
1893 9025
7262 2645
5211 3382
1676 6217
4033 4021
8509 6808
8044 2818
5684 8603
5041 9929
7458 2334
6790 5675
3876 4724
7317 3406
6264 5979
6239 4865
18 6669
2495 1871
8507 4713
8854 4252
9018 2956
8203 5453
3188 39
6739 178
7445 2285
7367 4744
5396 1366
3135 3139
9757 587
7385 57
7204 3916
219 4510
5621 6127
7905 2581
3701 1764
7426 8320
9404 9307
8925 7343
1165 3601
730 4823
9706 5861
7086 4710
3872 864
7222 657
3378 407
2902 4724
7681 6887
6824 2365
1116 2722
105 7863
5778 5600
2729 616
8640 3726
5549 6605
5464 2767
9414 8109
2556 8097
1664 3802
4579 632
3242 2106
9719 392
9548 3918
4376 9358
8118 9863
8360 9688
9310 9854
6067 6593
263 4287
408 786
9080 4334
1125 6978
3455 2685
7002 1831
6544 7951
5858 3863
4428 138
4958 6605
5943 3270
1188 3178
8875 887
1987 5076
8200 4676
6592 9598
4074 9799
3730 9197
5812 4160
8313 1155
5208 2177
7761 5124
4929 5187
7353 2761
685 9248
8066 4314
3858 4088
3381 2411
5511 1123
8367 212
9145 1314
1618 4071
6935 6058
8944 5886
7935 5534
5528 5007
8895 2909
3391 9597
3604 4555
7229 8577
1828 1987
4998 5328
5212 3836
9434 593
6000 5381
4343 6262
7366 5902
7118 5690
5784 9089
6897 3372
8397 8434
9279 1925
639 5936
9235 1848
6547 2832
3046 9032
9372 6458
5980 4673
3474 7815
7569 3720
6948 3805
1249 8640
7747 1375
5142 4821
6933 2823
8199 9568
9337 2884
3672 4629
5126 6440
261 2043
4269 6185
1726 8926
9782 343
3979 8716
5045 3455
6057 5408
219 1184
8678 9758
9983 6927
6622 4935
1982 3881
9415 129
8414 7974
941 6252
9131 1082
5217 4752
5068 7490
4921 6225
369 5883
2621 8115
1567 3750
7854 923
8096 4643
5233 6071
3031 9711
5704 3837
5071 8067
5859 2758
3642 9728
2214 9017
9678 463
1056 1526
8788 6043
9133 1801
7681 4593
8982 1824
2579 2328
1614 4852
2126 5168
2234 1447
8244 728
9259 8332
2004 8389
5857 4255
5509 4336
9427 6565
7922 1122
4982 8116
1986 1115
7791 7977
4477 3686
4708 866
2997 814
180 6719
3910 6631
6310 8193
6243 5563
544 2680
3246 3790
2043 4085
9007 3916
1263 9808
1129 1104
6988 9939
1660 6643
1963 682
5248 7385
1366 1671
2281 6538
9604 1216
799 8826
4635 3912
9784 3310
8933 5750
4554 8331
2022 7900
7517 2867
5269 6043
2996 4657
6673 8577
3010 400
8739 9055
1417 8292
8014 5121
6880 5417
6054 4250
4135 9266
3511 2593
2810 4234
757 9549
7393 596
298 6103
567 6589
9335 8845
3874 5217
4950 4598
7802 2547
854 2168
6581 8799
1740 6267
809 641
2105 1405
2675 259
9194 5280
2160 5670
8800 4649
3425 2721
1331 98
7748 3108
8616 636
7084 4382
5435 7221
8867 4763
4707 2015
4076 9662
6694 2632
2354 1517
240 9127
7488 966
7674 856
608 9513
1475 123
526 7938
7855 7349
8996 3883
7539 3023
4563 6998
8870 6078
2594 6424
3305 7732
8841 8628
3349 9503
6436 3813
7927 1213
9838 5244
9084 4074
2669 3953
7159 4546
4325 9750
3910 6822
3536 1776
3240 6959
9983 5446
4864 7825
7969 3296
1771 7868
1825 1556
9522 5665
4617 3593
9669 8112
7071 7243
220 6265
7509 4301
8038 3447
7616 675
7742 3596
3079 1043
4950 570
509 8738
7201 5384
5080 860
4164 3026
4521 4119
8323 484
3342 6589
1645 2171
3124 6994
7196 7917
6759 9079
2763 1168
2584 7181
3158 4858
1370 8307
4908 1263
5971 2961
8009 3145
1016 1944
4121 2053
8349 7735
8298 3423
2044 5291
2896 7969
8941 1941
4835 3344
7997 8121
7882 1782
3568 4740
5819 7718
9578 3538
2799 5451
7797 3417
951 5869
546 7283
6622 1920
8234 5558
3618 6244
9683 3420
6238 2302
5462 7463
1934 6783
9687 692
3421 4295
687 3896
121 6880
9750 9693
9472 2084
9663 2558
1247 4799
8471 9416
8423 9786
5478 730
8483 7099
5204 4144
8067 4574
9091 7116
9333 7883
7234 3128
2627 5823
8883 6874
8919 2355
7645 537
5556 5488
5014 9025
3754 6237
2217 4408
5905 35
4612 2937
1241 1316
5163 5606
4198 4219
5386 8349
9383 8849
6547 9350
40 5867
9438 8774
4726 508
470 696
7922 340
5846 8070
4381 333
1670 3432
5981 26
4420 3478
3332 5961
4125 6262
1677 2458
2896 3577
5970 4635
588 494
5769 797
7847 3283
2037 9280
8219 7827
976 7772
7829 1158
2050 9777
2872 2028
1107 6064
3945 3579
2375 6191
2777 1382
4300 5870
7582 1583
8158 1112
4243 4676
8881 6460
1681 7623
7746 102
4735 8429
4252 7953
4329 3165
5018 717
8860 3021
2788 1221
6111 7577
2302 7714
3888 1987
1818 6220
8416 5833
865 444
4797 609
9869 9613
2978 1452
9175 9500
2411 3737
1802 9458
5176 1556
3823 7022
4335 456
8589 6179
5858 6331
4157 1338
7366 5173
9753 481
6216 5024
4849 7370
3291 6844
5300 6471
6980 5310
1687 4490
2740 8263
7035 7615
2966 8018
735 1274
7153 8785
9357 416
4217 4418
5767 9657
1520 8544
9696 6372
8043 8103
5872 7881
694 6011
3279 9021
9123 2132
8953 3792
1298 2768
2326 7077
1915 8167
8912 4826
8730 9905
1615 6648
6689 2770
9942 3905
7522 433
6636 9656
8737 7045
8614 6422
6449 7277
1520 433
709 2596
4726 3539
1198 3961
1293 7786
7610 1861
1877 7994
9967 1660
5798 9778
8028 6966
882 8883
9394 1734
7582 7158
409 8449
1721 6986
9050 5576
7410 9635
3673 1818
571 7096
9463 9979
1051 1688
8185 1215
4853 2169
7624 6238
933 2041
7802 4405
7937 9437
1363 3865
9732 318
7663 8153
5765 2269
7761 8978
1628 5624
4937 7352
1108 6522
6949 3048
4396 4079
9198 9768
2558 1193
4554 4119
6687 430
716 7225
3082 3228
7032 3771
5285 4692
7939 3166
5436 9451
7698 135
3633 1234
6853 9957
4152 1475
2777 7654
4034 5852
5854 9852
586 1742
2868 1522
2702 8517
4157 6604
2081 3189
3294 8617
2957 8745
4856 3383
4622 8445
1916 6246
699 5269
8345 5600
776 8313
4868 5524
635 658
8465 2143
308 9446
1810 5967
7992 4187
2893 1612
2869 2632
5961 9191
6971 3459
5484 2453
8396 4872
7446 9905
9169 3381
6153 7093
6481 30
6675 606
406 2181
250 260
3159 5769
9154 1263
5791 187
1481 9228
8622 6349
7319 6240
585 882
743 4842
1907 3937
1753 3435
6550 8016
1247 6197
2231 5627
7650 9382
9624 1616
2556 2183
8087 6624
4175 1021
5782 6384
3988 9953
8402 728
2910 2620
2624 3158
3110 9753
12 9395
3337 2850
8237 2639
5716 2686
1697 5104
8137 8555
5176 9040
5514 487
8208 1746
2649 8390
8929 1012
897 4086
4670 8786
7452 3977
8266 4601
3981 399
3222 7436
4435 4076
8701 4041
3202 7035
5290 2677
7979 7231
1567 3821
4505 4
7448 7308
8517 3734
424 1574
2258 9997
6251 2086
4828 7179
9955 1025
7400 2532
4222 3159
1878 4604
9494 1154
8360 4850
3961 9777
173 5559
2933 9698
9164 3690
71 444
3435 8142
3476 5876
6402 6777
1168 2625
3176 9600
5856 2712
6542 6540
8306 5137
5523 2200
6216 5801
9359 4120
4833 8362
7646 5266
1120 724
4096 6810
9489 3363
9384 1618
1675 8525
2309 7376
7512 2599
9506 3134
3839 3445
8625 8360
5257 8240
6513 4177
2857 2425
6953 9972
4662 8903
4868 4573
361 6926
4825 5437
6597 254
6322 8511
669 5543
5694 334
5771 5378
1080 5108
7066 4491
2370 2810
1673 9011
1725 9825
3162 396
7711 3061
2721 5983
8499 1654
541 1204
6594 6450
8648 8368
8608 3615
812 8533
9603 3143
8284 4028
8269 4678
883 7540
9650 1691
8548 545
8312 2497
3609 2726
1577 8340
2507 8766
1202 747
9175 6867
1846 67
3249 2614
4135 9144
3094 6606
4568 7867
6012 3749
2723 206
9077 8488
962 6437
6328 3508
983 1232
3468 7456
6070 1859
5215 9703
3960 7808
3123 9817
7074 6386
3957 766
4472 1374
431 2292
5133 3665
3571 6201
9808 8193
6718 7016
3350 6801
9308 6270
3088 9054
7388 1727
7856 4740
685 4608
8085 6296
592 3579
7070 7799
4964 8118
181 6452
8105 6589
7212 9192
8741 6228
6033 3167
115 8238
5433 629
5751 6323
1530 8249
7601 7182
7239 2510
4048 7901
1945 4055
7642 4109
700 945
7411 5109
5789 3821
1502 5419
1687 9200
3101 5376
4277 1433
607 4760
2799 1706
1569 7096
8630 9615
8952 561
1135 4281
7000 4841
4380 5086
5377 424
4001 5664
4473 9277
1983 3789
2494 361
1857 622
7394 2581
4233 493
6220 2138
9636 2865
154 3237
3840 9952
5001 3886
3128 2059
6135 5853
7033 1827
9028 126
4843 6706
2392 4850
3728 8874
5392 6265
4357 8467
3001 8318
729 3671
8049 1487
8909 5176
1526 4396
9287 9997
6973 740
1816 5703
9331 179
2170 5857
8986 5628
9798 5106
4383 2150
9184 273
6712 796
6793 6129
9677 9121
4111 6931
6571 9963
8089 8230
195 1914
9292 3567
3242 8928
6269 9106
6307 8602
466 8814
5244 727
1198 4270
3567 1701
9243 3987
5504 3437
1067 6053
3674 8331
3497 6847
7469 7408
5832 2754
4323 6872
798 9205
1068 3798
7603 475
7039 712
4768 5116
7608 6185
7792 5085
8019 3875
8381 4979
8326 5584
5379 8194
4714 6116
5938 5482
9213 7543
6878 5341
5868 9412
1996 9429
3677 1400
4116 9733
8083 8536
1985 5359
9639 4122
2380 3120
2635 628
4621 9808
5908 8667
7905 647
630 4807
5137 3166
9726 7855
7528 6568
3860 2637
2552 4351
389 9747
5877 5783
1502 3330
2609 3196
2003 8327
2189 456
7914 305
2501 3552
469 3804
7815 4078
3658 497
1039 9318
3284 7443
483 5978
1209 1974
7998 8891
8760 8705
5660 4912
7863 2641
8524 4392
1818 5193
2059 2033
4782 6665
446 963
7321 2336
1952 5841
2170 1346
6216 3261
4295 6604
5779 1323
2381 130
8566 6361
7587 546
3554 5012
5151 5348
2462 9848
9857 4392
9112 5519
5628 7190
44 1376
1184 6892
2506 6723
7451 6648
6605 4420
4658 4193
8643 7379
4653 8886
7532 1779
6740 3262
6521 5992
4310 2469
5038 6966
3560 3387
5170 4913
5913 8203
6348 5515
4809 9196
611 3882
5018 187
1262 122
1008 6231
5409 9523
5232 1065
6271 3855
1976 6426
1812 7433
6339 2877
101 5892
9105 5826
7493 9897
6254 2401
7577 2553
9696 8371
1970 9522
6888 3823
4128 9252
9834 74
3496 2222
9526 8998
7633 6619
1041 8792
7955 9924
4738 4437
6402 1882
8856 5279
5150 4759
9263 5047
2116 3028
7110 9046
5739 8185
1201 3129
6215 7774
9465 2253
6280 3481
9822 58
3079 4502
3075 392
5808 7468
474 1859
4031 7073
5284 8781
9101 1362
9765 7709
4262 2496
8113 4745
5183 950
1507 9351
5870 3250
892 6340
4878 9925
7840 6145
3787 6897
8032 2785
9368 3067
327 3195
5198 4733
2720 3893
6500 5629
2692 5377
9928 2747
367 6572
4887 4095
3247 2325
3454 6628
4444 1834
5275 1205
968 4033
2103 483
1442 3075
648 6685
3912 4356
5678 1491
4260 6864
3186 2421
5561 8331
5616 2387
3499 6297
8491 2509
2057 3252
2918 9412
5896 9202
7160 9380
4117 7213
3156 1221
4592 4568
1712 3587
8529 1551
4025 1060
8975 8499
6621 2818
8230 3268
1748 435
5742 8668
4775 6811
2572 9248
1771 3536
8321 2627
7139 9377
7258 7796
4628 1129
5573 7680
7410 3337
1958 7786
614 1631
386 1815
5731 1764
8838 1797
1111 8979
3758 8668
6583 5408
5944 876
2744 4136
8025 5994
9605 3187
8258 4459
946 3827
9711 5581
7113 5487
2735 1161
821 6201
4088 5671
3405 697
1046 167
9956 6690
1392 524
96 4665
6133 8928
3471 7577
2520 2189
8959 6535
3621 4663
6115 6325
9913 4568
5937 6237
9334 4545
9133 2492
8608 8727
2505 972
3701 6942
6091 5754
1734 1471
6406 7433
6978 1917
6429 1998
4779 8194
6499 6702
7259 8589
6642 3282
6947 4402
293 6707
7973 4691
2630 2445
5148 2191
2899 1049
2273 6800
2753 8309
9772 7461
9489 3384
2631 4669
3627 182
3999 4012
214 2860
8009 1365
2967 28
3376 5988
4852 9644
7699 6633
8754 3187
3082 2652
6907 9784
1866 7009
5707 4349
3257 9827
5816 6249
5323 579
3681 1237
7001 110
6026 2558
5918 9423
4671 7712
7765 79
7237 1985
3279 4536
2819 9579
1420 3003
7343 8434
1167 2378
910 3762
2820 6585
4954 3093
1002 9008
6682 5493
9195 2209
9718 4350
328 783
8077 4003
4780 6399
3439 1110
5164 8185
8377 3461
7018 9418
3549 6726
624 2349
6023 5243
4171 3046
1972 809
7331 9444
8820 9218
8249 1605
1232 4375
4704 4145
9946 2471
9639 8447
6721 9227
1733 8660
3266 1719
9751 3918
868 8148
869 5917
27 36
193 1873
283 6467
3585 874
8401 4996
9767 9852
6547 7694
5994 4535
5140 1512
1384 8408
490 340
7493 6120
2042 4165
6544 4478
5361 5461
6595 1101
2680 6582
6429 1528
3329 6925
8588 5453
3952 8994
3432 530
7050 9851
6783 9011
8273 2750
3447 3652
1447 9071
6620 5195
4601 3781
1878 0
6808 5694
1920 7802
4922 9736
8308 7622
8443 6908
5417 6022
9776 8482
9556 7527
9310 7596
3595 6035
5269 6637
8011 6682
1157 2220
4578 77
6626 1942
2384 1413
425 1389
8551 6562
438 6716
1741 364
530 7093
4646 351
7264 8680
6334 23
3894 9767
5687 7150
1728 7638
3170 2842
4219 5440
6849 8231
9600 820
5112 7379
313 7003
8731 259
2535 6379
1110 1339
24 864
9159 4746
9797 3419
4100 1843
5926 561
7294 7292
8536 2283
473 5316
9587 8797
3640 3227
5228 4006
5644 9101
6673 812
6290 5826
2349 5382
1335 1400
6535 9193
2802 8165
1940 4584
2333 1921
9336 8954
1795 3159
7406 8918
3442 121
9961 988
2749 4909
2480 8509
3800 5535
4857 8544
64 9919
9935 7106
8776 84
739 3216
1140 2952
327 336
8984 9207
1912 8374
3453 4601
376 7281
7723 3463
5324 4594
1665 8761
8519 1955
6376 3254
1511 6063
8136 9575
1258 6918
58 4641
7115 9664
7127 5168
4586 3512
5836 9431
2691 1456
3451 2115
5928 1026
1986 6330
4708 4619
9586 9417
6324 7504
4445 6492
1314 3833
9867 3524
5824 1028
4171 6388
2966 1924
7293 3401
9499 9357
4145 1601
3258 5827
7317 303
6868 2132
1668 4190
3202 3636
3623 9219
9084 3357
2299 1255
1961 3047
6069 3166
4780 5257
8087 2158
8221 9131
1440 83
1679 433
1964 1259
6469 9849
6821 7016
1068 596
625 5067
9102 6328
530 7433
1139 6028
2813 7444
7867 7716
2380 7855
4630 2855
6244 1156
8032 6566
4074 8811
9096 2079
5161 5681
308 2257
4068 1828
1034 921
2476 2776
7060 8024
7731 9707
6699 4840
1650 4848
4870 14
7424 9599
23 5351
6367 2632
5543 5037
3521 7529
6786 4435
3004 7608
9418 3296
2348 7136
8508 5450
3086 1224
2884 9774
8746 3476
7630 1168
7919 9088
8348 4763
754 1649
2611 3345
4937 8904
4556 3024
2986 7602
8633 1227
941 6555
8186 8668
8691 4630
4796 7300
6573 5953
6104 2252
6014 1754
5518 9747
1708 835
413 6742
3106 1883
5371 2840
8884 5272
1544 7857
5993 6463
9499 6589
9317 3941
8743 1621
9344 5932
6522 6416
5024 2078
1962 8697
147 6926
9714 1910
4053 5822
3258 6000
9959 4420
6127 3543
6108 9310
5209 8590
9759 3603
1414 8529
2077 2019
858 4877
5438 4215
1429 3057
5980 324
7079 6264
4199 793
8174 6111
3532 9670
890 1995
8167 5207
5287 8622
1584 4644
7290 5773
9139 1502
5907 4726
7720 3802
8305 6543
5001 6451
6550 8351
8144 5501
2154 7224
238 7215
2115 8927
9618 2053
7478 6673
5638 3989
3708 4503
6069 249
3658 6429
2473 9397
7490 84
339 7980
6498 3396
2596 4056
800 518
3848 8962
5514 3460
1022 6660
8778 5346
7179 9938
8249 3562
660 1885
283 9709
9219 2383
199 396
659 4554
2859 1379
8182 2490
4284 3472
4952 4477
9919 180
7967 9289
7822 767
2961 5080
3053 7187
8795 1743
233 3843
6856 3181
454 8407
4173 9765
3372 4597
6809 2384
6905 4825
2983 156
7397 2419
1386 457
8234 1549
7903 1627
2839 566
5844 7089
9376 2018
2168 6699
9565 7577
3021 9696
3444 4984
7313 7376
5279 9970
6489 437
1568 744
3568 1727
7506 1671
670 3267
5122 5835
6731 2888
2049 9288
2699 544
7485 9938
34 1242
4765 4329
5381 9004
9097 8268
5560 6905
8028 6444
604 8263
8365 289
7814 2602
9470 8290
6151 906
3545 2518
2090 3244
1201 5172
6610 9012
6626 1824
9610 9559
2834 7396
6643 3482
8877 8701
628 2846
694 308
8673 2203
5586 531
8855 5386
9742 2381
4096 3398
6428 1696
447 9523
7773 7652
1895 7946
4344 2937
1151 9821
1063 2872
3476 3846
630 4511
5660 6138
2206 7382
5611 948
5902 1430
1878 8656
8204 2480
8730 6530
9478 5853
7235 9307
1019 4180
4136 8766
8149 5877
1844 3560
7328 9734
6809 5034
1323 9309
8756 9559
8639 7263
9714 4771
2489 9046
2122 4731
8038 1713
3636 9642
1157 3678
4161 1259
9200 5343
8296 2371
9456 8032
8770 5897
1244 2085
1192 6436
1274 4469
8993 8797
8915 602
243 1002
7089 2326
5665 2742
6870 6326
550 5316
3916 9834
2626 3808
1885 4233
7639 7603
327 4567
8959 1230
4453 8776
2148 2341
3131 7055
6124 5681
5755 1186
4392 2864
8021 3386
247 4509
6809 2010
9668 7912
966 7891
7816 2282
3053 9741
5835 4981
1096 5749
5352 9832
5817 9014
8300 3072
6327 9486
2619 5435
1440 7360
7244 906
7140 8887
2539 6174
1986 236
2477 1313
321 7045
5449 3051
6898 6197
1064 8826
8666 3650
2514 5772
5977 8522
7308 1987
7862 1365
6048 8559
9963 3914
5429 3085
5198 6515
7375 1552
4706 4185
8618 8046
1036 8958
7437 4746
156 5689
1243 3544
4191 2778
8084 221
8487 3714
3893 3855
636 8733
1285 11
3249 3988
9183 5429
8471 2659
9092 1013
2212 3409
196 5752
7730 4655
6625 6349
9005 7724
6885 9925
6692 6084
2506 9148
9852 7953
8777 1553
8626 576
4467 3720
7347 9676
5126 3615
4533 3727
9451 74
4494 8046
2648 550
317 6254
77 7786
1389 2306
8651 5518
5098 8039
8056 618
4829 8115
1655 3672
6208 4855
7513 6267
8424 2636
3055 6449
6491 1995
7136 723
7872 5633
9295 3059
6966 2259
8941 8143
9880 9751
2028 3294
3909 625
7967 8791
500 7988
8761 7191
7569 4438
2616 528
3080 3318
7421 4638
7191 2330
4469 2141
844 8473
111 1555
647 4585
2101 5324
6087 5984
9673 7809
2008 7329
1500 5760
9030 4278
1705 3858
5495 857
2991 4964
5342 7670
4202 4675
3061 3715
49 4811
1302 6044
5295 2028
328 2825
8203 4804
8613 9731
3766 2769
5696 7581
3992 9471
7936 1681
1443 5286
2186 6240
3284 3457
6777 7980
1617 3150
6762 8196
1817 2424
9394 5009
1336 4927
8261 6700
6746 416
2029 3271
5534 1930
6461 2509
8202 5133
3713 4287
8633 8203
1419 7236
8877 1547
5335 3065
5110 7427
8882 5637
5852 4700
1394 8942
9417 4287
9344 4754
4833 8120
9082 7874
6419 4401
2672 7214
9028 64
6582 20
8995 6360
1384 2986
9790 4199
755 3853
6236 4099
689 3928
3681 7459
524 1349
8227 8912
4995 9517
4613 5303
2154 9385
6270 1592
6015 6865
8434 7577
8406 6698
5413 2257
4111 670
8476 7508
5250 2354
34 232
3911 6109
6683 631
6770 8018
9956 421
1694 7110
3867 8336
6501 7321
2393 4039
9041 1980
8548 4048
7446 376
1946 2130
4401 5831
4762 4151
1826 5380
9489 1579
935 8529
3346 6490
3579 2858
7521 7083
5016 5805
1995 5541
5860 3138
55 6884
1330 8346
8835 8651
1236 4859
3701 4060
2180 3478
6754 8027
6113 3804
9936 5653
2297 7063
9264 4966
6378 6147
340 2410
5302 3068
7620 2409
7719 2966
6761 1826
4095 4848
9960 5758
1989 966
5654 1760
2452 8304
7284 6061
4627 6323
9809 8853
156 386
1255 3603
8859 6951
8267 6135
7013 2475
9703 3769
5826 1822
174 1128
5291 7507
9022 4784
8538 3811
2476 3594
1161 6781
8682 2642
2533 8837
5093 3743
8200 7987
4193 4169
1770 2209
5300 468
5890 7038
26 3564
4109 3044
9302 7766
7119 8052
8007 3047
6233 6705
3978 1111
9561 1442
6464 5075
7972 8488
21 5407
1390 1688
7808 5165
255 9261
2340 7424
938 7643
1604 9126
4477 2564
75 4379
2659 460
1072 6991
5951 5377
6017 7906
2069 3390
6696 9798
8313 402
348 2456
8217 6639
3663 5527
7774 5325
8064 6521
1486 8761
1194 9868
8541 2853
1841 7395
5321 4997
8084 5580
4318 7354
7997 2703
584 1904
3155 3913
2843 1633
7032 5953
3312 3417
4054 6569
418 6881
3882 2033
7161 7832
1753 4287
2656 4862
7737 1809
930 5044
60 6173
1381 721
7591 1478
9609 3382
8479 667
6538 7428
9292 1771
861 2994
7748 5246
746 3623
9622 9640
924 9463
9769 9323
6333 5809
6290 3750
4672 53
9679 1915
5540 2381
6257 1144
4280 8171
1268 1581
4188 2275
8311 6139
1649 6388
4172 775
78 8786
2958 3874
5881 5540
9671 1489
142 6629
7133 4635
9908 253
5732 3246
8202 676
1042 8493
7460 4573
6848 8104
7672 1731
3476 4191
3011 2161
3831 8296
3354 2436
5762 3972
6804 9054
5346 9137
601 6726
3775 3499
9344 4259
4604 8788
4304 24
5242 8939
1412 7474
1302 6816
6181 9466
1359 4031
2651 391
9646 1212
6524 9111
5686 3238
2850 6969
4399 5562
6304 8899
588 892
4234 6375
172 6832
9997 4222
9666 470
5397 9079
2867 6526
9657 6958
2410 2294
6521 9711
2839 9165
2347 739
8545 6999
280 8317
5405 474
9253 1274
9253 7489
3069 7088
152 3513
3283 2444
7787 3148
1061 7555
3758 5549
6667 572
256 3576
4999 7174
8426 1193
4104 5029
7908 7351
6622 9439
1620 2827
8364 1552
9205 6539
3051 971
1545 9219
3636 462
3287 2544
2024 5393
6405 8423
1252 1573
400 451
3667 642
4507 5324
6924 919
8319 4357
7629 1785
4888 9133
8894 3143
5568 4199
1568 6690
7226 5733
3071 3708
8196 780
9378 4859
5578 9207
3187 3006
8273 9666
3217 7163
3251 8657
9853 5603
6098 266
5323 3176
2281 1042
2643 9057
8524 8564
4568 1206
5808 6011
1243 5994
8888 8582
2728 9410
5172 5347
6258 7627
8155 2836
1741 4878
6068 1283
3731 5489
7866 1936
9264 6889
7713 4720
6683 3964
2721 9654
966 1769
9977 2493
1588 1590
4370 612
9617 6517
9519 8956
8918 9197
1565 9052
1821 5911
8689 5245
758 3872
7573 5302
2914 8812
4698 7210
5485 1473
2260 4654
4977 1140
6059 3224
1582 5130
750 1364
8442 9468
3042 4865
6845 6345
3917 9337
2126 8673
6922 8834
9287 4614
3777 6152
8312 78
3948 6304
966 8246
3121 1602
9283 9523
1297 5155
7257 5648
5937 3604
4164 1074
9807 7431
3041 1563
5894 9124
3561 4532
450 8489
8982 167
4903 1470
8320 8466
619 5797
3638 2839
8602 3293
8513 1803
7630 8776
9395 8292
9826 2755
746 8424
3040 146
6980 5527
5323 1346
3969 6477
5915 6705
5537 8898
2795 1780
4525 2911
8806 6922
4588 7713
732 5151
9738 5774
5542 6300
4939 1998
7727 421
8897 8896
1327 3067
7887 6143
5033 1183
9627 2229
8643 8558
3721 8488
2939 9646
1928 3263
8926 5405
4252 5732
6671 711
2008 5516
1888 3912
6807 3707
4384 9873
5479 4907
3043 6452
7905 6361
7440 7622
5817 3214
9966 4891
4149 7377
2493 6125
1915 9344
4716 1388
4652 3862
7163 7434
7368 3590
24 6604
9641 1846
4400 8774
2027 8600
9562 6247
670 333
4239 5335
5667 8739
276 8175
4115 7970
6531 1994
1594 1133
5807 8592
828 687
295 8072
817 3737
5645 2646
5010 7056
1859 243
9080 1086
2532 8778
3478 776
6776 5880
5560 8243
2136 5228
5534 1971
657 698
1110 6203
699 6656
5081 9345
3006 2895
881 3141
1061 7655
7207 3788
772 3917
4297 4597
737 4652
2839 2035
3520 2777
5472 4296
1910 1909
3370 1382
8925 410
4713 9524
7575 4924
5521 493
950 6216
5556 7956
1447 1976
8433 7527
4067 6332
3783 3791
1720 672
2919 4115
2002 8655
8219 2503
1798 8942
6801 8581
5700 0
3689 4824
7005 346
5357 248
8968 1135
7291 2732
5556 6544
4827 5208
2345 7366
7563 9593
6278 4148
5998 7103
4993 6739
9085 8245
8608 9261
2774 1955
2280 4196
6395 9247
4235 6864
2569 7518
7079 4667
3110 5879
6229 6520
3036 7137
5467 5067
8731 4453
3705 4585
8886 753
7960 7036
8813 9496
5209 7159
9096 9422
6116 7729
7601 2883
873 5799
5922 2197
3056 5599
8373 2589
956 2013
9084 1628
2905 2057
9170 3553
8908 1584
6358 4860
3378 2361
9446 4094
2387 4295
2486 371
8128 6366
6100 9916
7492 2963
2967 1190
7315 8435
2601 2884
1707 4923
4176 1129
2982 7190
1901 7312
5425 2378
3591 2129
4229 5047
5017 7861
6069 9391
2135 4320
4381 9532
5537 9397
3502 8871
3637 8054
216 5218
3207 5604
2224 7922
8173 2807
6979 8158
8583 7804
6750 7030
6904 2351
941 9708
2482 3001
7026 2821
4105 5159
6967 514
3559 9404
2198 4451
8189 3025
2916 3599
2113 3954
1989 6843
6623 314
2063 298
8241 7236
8577 3035
8474 3385
6599 4763
8899 8831
5838 8999
1403 1464
5855 6529
2102 2065
3329 8826
2123 8618
2648 2086
4222 8489
6045 8374
2357 7781
5052 6871
2970 803
7897 277
2029 9425
7787 5915
9256 560
5789 3314
2833 6855
1155 1110
9533 9704
9788 3541
7920 432
5758 6816
1151 2757
7247 9276
1623 6197
3988 7705
3948 4607
3490 7876
2402 830
5556 2683
5347 4213
8793 4901
9561 5933
1143 95
8383 3245
3040 2710
7514 3291
6443 8749
2015 1951
7595 3611
9642 7115
6904 5204
4505 1851
4382 3520
6365 4376
8167 3905
2305 4817
4169 7250
1041 6811
5641 7246
1150 3934
3938 5075
9166 9020
9035 8086
4282 701
466 6255
8521 6961
2641 7861
5076 9793
6149 6327
7180 1199
5284 3267
781 3881
9714 8876
4356 7846
5202 6923
1113 5979
6317 8278
4518 816
7311 6209
2764 9944
1623 5032
6541 779
1670 1033
2904 5432
5152 9662
1189 3360
3841 6677
466 6408
1793 316
1382 1916
8489 5853
2494 6707
9017 6057
8304 8517
8637 6451
727 158
1895 238
6214 6571
6729 8688
1133 8667
182 5805
580 2174
6318 458
3427 5395
8182 5576
2614 8673
6347 5954
8487 4728
7225 8361
6840 3586
8910 9750
8108 8159
2280 1172
8710 1477
7452 7959
4366 2000
6714 1539
7358 3189
7086 8784
7868 9762
6072 9795
311 9288
7498 8712
6081 2799
6587 2256
1513 2338
103 4423
4470 3224
7591 9728
9319 9356
7228 8334
1252 9073
206 9409
794 659
2053 2401
4093 4939
4397 3094
9272 7828
3612 5033
1072 8243
5246 2966
7706 9216
979 9095
3572 4680
9383 4567
8483 8378
593 8704
8251 3326
5389 694
6905 9567
8923 2794
4985 1705
8240 8516
8928 8190
7203 3088
778 6997
6209 7843
4030 3938
6413 3274
9330 9921
7080 5435
8935 4325
9435 308
6607 196
5134 2038
2985 8933
7365 4568
8270 1682
6431 7989
8275 3721
5118 2280
5085 5183
7594 2934
2798 7533
7596 8110
9760 6373
4904 9667
2181 8564
8025 1278
734 5031
5471 8759
345 5941
6384 1549
7257 9835
663 1963
5804 3445
7262 3288
5730 4464
2065 1803
9237 8513
4173 4532
4559 3130
8636 8107
378 5418
4785 1298
9012 9871
6279 96
1023 7194
62 6134
1346 2438
5322 5747
6768 6839
3338 9621
6371 3496
4521 5094
1291 1448
4404 7485
2571 4134
6930 6352
7131 3176
6103 8686
5469 457
3449 4378
8446 5813
8297 159
246 6632
3417 9916
2531 3098
4290 5248
9264 9564
2720 2737
2019 9720
1015 2205
6182 7887
5519 2107
9068 4845
5096 2358
1528 449
3432 8584
9101 2135
9772 7809
1715 13
1977 4457
9256 7804
9429 465
6146 3073
2677 7244
6436 5751
2271 5758
2187 9794
7092 3657
6058 5243
5686 6099
8285 4161
9327 9630
2510 1935
1226 739
1561 1806
8382 2741
9756 7868
1442 5864
2069 7687
3090 4707
5726 5562
8683 2596
8952 4770
9760 7586
144 3573
4458 4942
7979 7102
8544 9828
2070 704
2717 5697
4632 7275
326 2090
8248 5665
3885 7192
8298 5529
8256 8754
9067 9986
5995 6468
4075 8475
9687 5050
5487 5201
9975 3342
6852 8376
5864 3984
8954 8219
6002 3656
1381 9001
4136 1879
5159 614
7353 2597
231 1400
4797 5882
1808 5962
5013 3652
5152 5872
8292 625
7789 681
1043 4876
4549 3857
7329 2884
2835 4924
9713 7609
4222 7878
9178 8891
7107 8740
1614 6850
230 5475
9106 6758
3811 2133
6344 6838
8965 8359
8689 7287
7033 7928
7896 4651
6119 2466
8031 5149
9629 2621
1987 8720
861 1062
3290 305
5178 2816
6224 8268
4737 5025
3575 6151
9412 8036
8548 1774
5037 5722
5563 3720
3327 3681
4889 2184
3882 2035
8039 1313
1389 5003
6758 6155
4857 217
2767 5679
7326 9113
5808 7796
7930 3939
78 6019
7521 1243
5143 3758
2810 7452
2526 7478
4255 5619
9866 6405
8124 2695
8222 1270
4661 5666
1917 9032
5514 7111
2791 1860
3951 4149
1273 1305
3240 4204
9974 5039
5363 9950
5162 7829
561 256
5777 4460
5748 2123
3930 2980
3387 8283
9312 2868
3943 9739
6700 1182
5100 1822
9717 6088
1025 599
86 976
3847 2559
4768 4202
495 2314
6086 1294
9622 4693
4135 4141
1550 4139
5774 199
9348 1751
8719 9952
3002 8964
9016 9269
603 4917
8080 9077
2298 4694
869 5177
1048 9712
6546 2282
4254 4838
4641 4405
4747 7569
514 9205
3580 765
9398 7207
4783 1821
8734 4806
5219 2253
3283 1081
1064 7388
8383 6164
5209 4763
7142 8033
9565 6170
3308 8311
7980 5366
267 9663
1330 1881
6893 1542
6094 3759
3592 6537
7321 2421
2139 5190
1210 7376
9948 9991
7541 8434
4820 3891
705 7241
8629 3468
2735 332
3 6560
8344 808
5845 1907
2640 4534
7394 4850
8638 3533
2771 8047
6212 7613
1606 2635
3352 3800
7561 9160
2171 6928
4515 2892
2318 336
8743 2419
2106 17
661 7933
8364 6141
9061 3010
8144 5937
2365 3
9751 5786
823 2405
5501 8140
6564 7543
8899 5357
6147 5306
8789 2875
6345 3096
2831 5418
4430 2886
9854 337
1536 8086
713 7548
5860 4953
2245 2831
2157 8955
7319 3254
6014 9582
3249 1113
6346 5023
7359 1500
4741 1671
3826 9320
6334 4158
781 2912
7260 3459
5623 2980
3134 8104
5147 8694
7664 978
3551 4816
877 8305
9804 431
1193 402
680 6879
457 1107
158 1512
4874 8468
7885 784
8984 6331
806 6325
5122 2096
3277 3116
9249 5976
5278 4735
5178 9263
5331 2684
4426 4941
3311 3618
5954 1775
8103 4937
5402 7479
6703 3915
2932 3606
5569 7816
7720 7455
7419 1707
6761 7362
30 1442
7327 2480
9367 7251
4508 4766
1952 3496
8694 9303
7453 6297
3378 6423
9772 7477
7201 9290
2695 7175
8078 5816
2484 4768
9383 3959
3457 99
5598 7928
6399 4877
4914 9043
9040 9385
3131 2807
5082 9051
6181 1346
2448 7897
2514 3869
3059 504
6388 3932
2386 2583
3609 2012
509 2181
4695 259
4045 1780
9403 8269
8736 4872
3922 7225
2060 8419
472 4152
1932 4158
9267 2891
9368 2544
4827 2434
1383 4801
7915 9520
6018 9133
1879 1118
4583 8779
766 839
2811 694
5641 7041
8734 2983
5076 9188
9613 2559
3780 4116
5328 9734
8409 1890
6607 1228
529 2510
7943 8130
6437 5537
2175 2418
6428 8142
327 6223
5963 3656
6863 6495
3959 3870
2766 8009
4082 3241
1340 9020
4493 4981
961 5209
5428 854
2810 977
105 8982
2574 239
2770 1382
2688 7484
4839 7349
5687 5441
2134 6985
5927 9793
3236 9035
7452 2342
2788 4822
6268 325
9348 791
8180 5365
7416 5489
7535 6772
4607 5679
7251 1867
4622 432
6513 5000
8726 3053
1746 6771
2250 9736
6153 4640
8274 4798
5528 6654
6764 2849
7334 6196
1254 5618
6517 2208
19 3870
6096 311
7012 3689
6388 6228
9785 647
1735 2512
2757 6639
3515 598
7438 1274
8764 4038
9685 1214
8825 8172
2525 761
1109 3219
8347 7260
2893 6823
1937 8898
5213 6157
8557 4349
8791 9746
5128 5276
9908 9415
8537 4143
2935 8799
3481 8848
9964 5757
1583 9009
8215 5641
4069 6478
4165 1423
7899 7369
7057 9505
359 2674
4207 7128
9781 2418
1399 2771
4556 6168
8458 991
1032 6321
5049 7444
7213 1094
4825 3638
7754 134
795 5982
6723 9882
6943 1304
8576 6065
1130 365
1256 952
6573 7910
6857 4289
5312 1337
4366 2509
3480 5605
3921 5369
4054 395
3670 3033
3261 4236
2555 7730
8593 7573
9945 1200
7834 7475
6177 6441
7720 7414
1251 7993
2641 4275
8614 8446
4836 8192
440 5432
323 5385
4373 6781
385 1544
6552 9385
7805 8727
7315 263
127 6700
7474 457
5208 7349
5869 2859
798 8641
2325 4548
9088 8551
7243 2742
4251 285
3678 1710
4576 3768
2261 5742
4460 7536
4201 3584
6880 1330
8157 3747
5388 6959
7284 7857
7878 6189
7791 3105
1064 9629
3441 98
9937 4762
1336 2695
2123 7731
3133 1424
7849 3590
7629 1525
4604 6725
8733 1001
4791 1249
3126 4275
9287 9176
4313 4101
2708 7904
2604 9740
2071 6257
201 5920
8350 8987
1247 106
3685 9772
3755 2111
929 4826
9540 2191
1465 1510
5258 1519
2555 8344
5568 9231
8727 7963
4224 5220
8709 368
4983 6678
2722 7780
8492 9069
7684 198
7238 8862
1069 8096
7364 1151
4650 4724
6182 9668
9818 1244
3992 1958
8706 5942
3105 1682
4275 6907
1529 1785
39 3097
193 6841
7392 5902
8161 3529
7447 7369
2455 5375
9483 3655
4915 4908
5512 997
7957 6009
1233 1336
7816 6594
7677 6019
6851 805
7302 9708
8028 3777
8211 9914
4411 4363
507 5092
5835 2704
3201 4065
75 3886
9798 651
7591 4276
7012 5175
7166 7998
5736 3154
3356 5514
3293 1092
5215 1867
4992 8914
1807 9594
5986 627
5355 4180
2673 8595
9103 8568
6772 4504
5401 1870
7499 5925
2249 1981
3804 5041
6948 8685
6954 332
7656 9423
3304 4694
5902 9833
281 9229
6079 7109
7721 9261
8747 4721
3441 6406
9296 1148
7842 4104
1701 9118
2299 7860
1010 4216
3535 8828
171 4313
257 565
8135 3766
755 4988
5323 8639
2869 5363
9617 348
1152 778
405 2949
5745 640
9090 8283
853 8960
675 4070
2013 2445
9131 3185
5055 9725
6821 7121
8595 4269
7390 6782
6197 388
1702 7964
2877 5596
3405 2731
9816 3364
4759 6005
5658 3410
4705 2942
7948 8179
7642 8405
8700 4333
8035 7662
9304 7977
5334 9065
5290 4966
8410 4435
7163 4278
1487 5264
4760 512
3384 3753
8536 537
6629 176
7824 8975
1722 3996
7500 8283
9691 3162
1537 3826
1153 3715
2532 6566
9761 4238
5006 6809
80 8588
2366 9266
545 7512
5085 2897
613 7995
9719 2317
6475 1534
82 152
2973 4784
4793 1761
9520 4181
3799 7927
4666 1427
7292 3402
694 8958
9721 4712
442 3224
8242 3344
7386 3253
7543 2124
9049 702
2086 9254
608 7714
3595 9829
57 9070
9622 5721
6987 3289
7162 7091
5761 9952
6241 6537
4144 6694
3741 9642
9822 1875
3073 1024
9388 7528
1521 9892
9614 139
3765 5645
3847 2165
7523 1406
3266 1237
1695 4271
9700 7221
6152 2389
9575 2317
3849 7909
4445 1868
4341 4083
6632 613
6547 6385
2695 3140
2592 8283
6076 7756
8692 1042
8158 3561
7573 5889
9073 6719
5856 4009
631 8224
7820 3998
9498 9342
7234 6322
1041 8264
8885 966
4004 1453
7507 1328
2556 9190
5615 8162
3909 5428
9870 3276
6637 2932
1614 5845
9408 3731
8163 9786
9887 5435
2802 8161
8054 5374
6954 5109
4010 2531
7933 4537
6560 8513
3823 2664
8020 9807
3273 6438
1571 4717
8398 608
1020 8169
4136 7705
9049 4382
5123 2655
6397 1409
4769 2673
7870 6277
3271 2039
4380 3983
2618 8633
9630 8360
5750 1625
3378 3548
6847 9567
5602 422
4782 6670
8629 4130
9904 9989
1633 6095
86 2922
5274 4929
4893 8151
7681 7365
3434 5789
7297 7567
3299 3975
2877 5703
8550 4156
5080 7193
9742 2889
6423 724
1553 4041
4297 8562
753 5622
1076 2951
4812 7925
5369 6242
9455 6564
4265 6899
5606 5401
9487 8653
2244 5220
6036 5049
991 1636
1505 4385
839 5199
6649 7882
6976 5559
2583 4379
9658 6761
7403 1455
8487 3312
9539 6438
4736 8013
9232 4227
7471 4214
1674 8261
7090 4406
8831 6321
9531 501
8525 1656
2297 5889
4680 1647
8047 9902
5595 5337
4301 7470
4995 1235
7225 2311
3713 6611
4704 2355
3268 7858
6136 6550
8175 5092
2465 6529
6297 1188
4624 9636
8705 9781
4989 9509
2338 1460
3084 9546
5182 8815
1815 2126
5632 8614
6825 1380
1306 6024
5361 7691
5653 5375
8353 5518
7973 2620
4852 9503
6456 1171
6715 7729
1914 4640
2727 2179
7670 8237
7882 369
2708 5128
9600 5246
1109 9094
8239 6550
8411 794
3522 3603
4530 9426
7468 9061
1082 3243
5479 198
1543 8634
7623 869
3295 9408
2668 2837
9263 3137
8131 9247
3708 2046
3463 6705
2412 1489
1194 8720
6956 9749
6247 3818
5715 3074
244 5854
194 4547
4385 541
7446 3103
9522 3902
4113 5935
3110 7033
1473 9318
1248 3268
1781 9641
4743 8042
4847 6522
5491 4258
764 4172
3742 9524
189 8617
2210 6317
7963 8732
531 4450
5381 3597
5649 290
9432 6833
5910 2468
9499 709
2430 4031
5607 9285
2713 512
752 5655
3400 5571
4387 8471
1346 9395
412 8364
4359 2206
4584 5300
1314 1567
4957 3647
4446 8458
7024 8302
9325 5545
6279 5587
1166 7264
2404 2114
8105 342
9390 4717
8799 9151
4801 4531
3521 2205
4079 5366
3791 5382
136 3224
7254 4725
3005 7062
1737 7813
800 6768
9818 574
5465 1061
9496 598
6849 3499
1140 8074
104 6020
3798 2733
4061 2927
2311 7177
6829 8412
6227 2764
35 8069
4617 2679
688 5677
6459 4471
5766 9475
1320 9545
1514 4296
9802 9869
9446 7058
6308 7000
1606 2319
9019 8076
1416 2956
6200 30
3715 8944
8492 536
1539 4586
3532 7290
652 9143
459 4119
18 8369
52 3389
8876 4
3884 3851
6280 8318
15 1701
3141 8906
4719 86
685 2569
9297 1161
5699 2284
8385 5542
7330 3281
798 8375
23 9608
4840 21
6625 9481
9556 4848
1368 2781
386 9838
9653 8053
4113 5921
3848 3007
7925 9833
7706 2051
8835 741
2825 4159
9788 789
7380 1729
6861 2682
3437 2336
4091 2421
1469 8958
3809 7909
3190 4504
8524 896
1932 4641
2084 3450
8409 689
3615 4745
1889 5148
435 1986
5134 5022
9437 2458
7468 1132
2899 4341
7823 2289
9960 9877
4732 4478
3061 4617
5006 472
8096 5144
9085 9867
5172 9509
9485 5945
4090 3894
14 1817
7497 5230
141 4094
8413 1323
8830 3585
4859 2378
9084 8848
6798 5522
4220 1030
673 3319
6368 9972
1991 7938
5382 6298
1118 1091
9142 1585
6868 5539
3734 3894
9411 8714
2111 773
8870 2182
3717 5985
1652 794
3930 437
875 2216
8101 1036
4945 2950
8291 1723
6681 8492
3044 6080
3167 6112
6523 6330
7493 8937
9668 2905
8928 159
4422 9831
9822 2514
2877 7670
7854 7357
7683 4333
6822 8503
8344 2254
160 2232
1217 6004
5432 785
8061 8353
5598 1739
700 9633
501 3162
7626 9069
9711 1539
6317 895
1420 4976
326 2049
6389 9807
6689 4244
926 2673
4445 9586
4057 9825
9523 4833
2889 4592
5070 7283
8359 2471
7569 7767
2489 9678
2429 6043
4174 2601
8377 2372
54 8641
3851 5344
3020 2377
9268 9762
783 9480
4909 9251
696 2420
155 573
4792 9748
9423 9885
9493 9806
2812 7904
1235 2015
8276 1198
1304 7127
8973 6920
4984 3704
3355 511
2173 6756
4494 9815
644 2260
4498 6339
3217 4660
6889 2994
5992 5182
2923 3842
6306 3403
1368 1147
5718 9468
8622 2477
5498 9466
5946 2133
4115 6603
6857 8167
452 1047
2953 2871
7547 4195
5744 2863
2489 9722
4263 9301
5800 6086
1762 1305
2762 4831
2892 6838
5026 1782
4876 7168
8328 1696
7665 4922
3026 4339
2731 2498
5565 43
3034 9870
3412 2894
1480 8902
8873 7336
9787 5253
6500 278
1525 3247
3885 2621
7292 4367
1723 4579
730 4666
8000 7856
7502 720
5963 6757
5147 5460
9491 7920
5368 1536
8267 9466
544 7496
8894 9733
9378 3828
6198 7933
3615 1759
8172 9719
3068 6937
8967 8065
8372 5002
311 332
5411 6082
3080 9111
9169 8380
7570 4533
8944 4310
8400 8805
6116 5648
4809 9895
7117 8882
5061 2669
5924 7671
7264 677
931 6021
901 4161
5277 1641
508 1590
2531 2806
3061 695
2049 3903
7113 6544
2279 8516
9105 6106
4529 4052
5900 5803
693 93
740 7774
8550 1460
5602 8320
1724 5830
1074 1397
5131 878
8459 3801
6213 1729
3386 2983
9295 1680
2041 2772
9868 48
9237 7410
2847 9137
6380 453
2518 56
6690 894
7626 4852
1659 6096
2693 2117
9429 6975
2091 9569
8735 3910
3255 4936
276 8258
6472 1282
3739 5956
2965 3362
920 1013
4992 1178
566 1319
8089 8020
6069 7031
2746 4679
7449 8123
1645 6291
3669 9257
6807 3981
2907 554
390 5376
5284 3015
2991 6405
3322 9027
8704 5720
5839 5393
6554 6910
3584 7242
6334 761
1149 5616
8700 3854
2340 5571
4602 2585
749 7782
6381 3220
2996 9096
748 6782
6025 5370
7660 4567
3490 5894
3600 2418
6438 2060
9309 1335
530 3055
9672 4980
4694 2166
2606 5033
4830 3792
4303 8987
4693 2565
4696 1295
6033 8927
695 4817
9890 556
5379 3546
9781 6138
1304 5003
8351 5955
6042 9113
8512 7639
5451 2416
5076 518
8017 9176
5730 7628
6990 3950
9833 7650
2656 3222
5383 9587
7484 5418
2912 6100
8376 2831
5755 4561
3686 4049
4529 169
478 1949
3368 8035
7281 6966
4114 4470
7078 2677
8785 1862
7824 9788
4342 4216
580 3805
3913 7744
5906 6964
162 2294
7662 6932
2733 3227
6777 1169
7207 2228
1168 1716
5909 9491
4519 3426
4580 9653
7514 8072
8350 9249
8950 6011
7563 4576
1712 9575
3792 157
8454 3997
1546 4746
8759 6550
4946 7886
4395 9326
5774 9525
1930 4991
1109 5603
8949 6458
5238 7360
7543 1306
5277 4227
6358 8227
8151 5643
1642 6501
165 5494
9615 6181
5925 9564
229 1731
5314 6765
5120 1963
3508 5681
4709 5427
5751 2759
9979 8292
7010 1182
267 7472
3063 1894
9655 7708
2496 1388
2937 9219
5539 6629
9003 1576
2971 2048
4372 5017
4806 9113
5745 9985
5038 1178
3990 9319
6875 3561
4220 6124
1475 4934
9213 9185
8462 3315
1245 236
1945 6743
4637 2235
4683 8065
7533 8376
51 4838
9652 4418
7726 2915
6963 2029
8875 8111
2702 4176
7659 4175
5016 2263
9939 1146
2457 8285
7658 7322
139 1253
8305 3944
2822 2218
7326 688
8439 9312
609 1435
82 4899
2029 2635
3860 6979
9770 3696
3196 9875
4296 3743
6066 1277
1125 3432
3798 2529
129 1814
6381 7484
3962 9527
3472 6031
1827 5803
6018 5052
9585 2146
9079 9023
4178 995
3789 131
8371 3864
3178 7772
5242 9669
2654 1342
6307 6984
2974 4690
5261 3203
6485 3179
2221 2775
4409 8295
819 8489
2771 5383
7431 5214
1240 9656
1875 8377
1810 8895
6665 4254
8267 1727
8895 8602
2801 290
1351 5742
5581 3752
8703 3089
482 571
584 5309
8401 2909
7230 1642
4220 8282
1495 5490
8558 6340
490 5110
7260 5796
5973 8652
1039 9362
2542 9598
2040 8117
6072 6882
1102 7844
5554 5227
9743 354
9706 8747
2583 8426
2957 195
8156 2993
1680 2561
3256 9341
6960 6232
2478 6795
1290 2332
8979 8633
9839 4645
1662 8354
5756 4427
7473 1119
1071 5304
5083 1430
4547 7074
3074 8999
5314 5391
3648 1977
4039 5930
3099 7432
5617 2644
9501 6289
5930 9721
4689 2328
8346 426
4 3340
3805 1918
1960 801
4720 9772
7761 3075
9844 5681
3561 2091
2098 8737
8411 246
3323 9809
4379 957
9094 3141
4327 2943
229 7073
2840 5467
7060 1302
6590 8565
4427 6989
2163 2535
9565 4255
3246 6072
3344 916
8387 4303
502 2057
8791 4397
9823 4001
9867 5724
3721 4745
2911 9592
8677 3281
3938 9569
3182 441
5851 7452
8876 2401
9830 8004
9692 5603
460 7370
1331 6407
2471 4022
3910 764
5856 4546
3623 3755
1019 9921
261 7648
3574 6329
4718 1009
2156 7006
8427 5988
850 8417
3890 4366
9902 545
4091 3259
7521 5692
9830 9240
7298 2908
8106 7291
5011 6752
8268 4871
2149 9019
315 9538
9092 6699
7640 8902
5554 8763
4023 3800
4589 1457
9676 2275
1057 7748
4504 3314
9338 6104
7290 7224
8782 4168
7744 5007
9354 8353
7848 3731
6485 1301
9194 3779
5041 1789
6200 8558
6414 6230
7088 6882
4444 1940
2886 1873
2858 4695
7973 1358
7406 1935
7136 215
1396 7576
6303 372
7533 2227
4505 9291
1615 2939
9504 1230
1027 2566
6186 598
264 6568
5299 1707
5449 6816
6490 2491
3977 1820
2183 7310
6157 7354
3800 4111
1766 4050
8064 5644
1848 6815
1904 6244
874 9741
333 768
6645 9336
8625 3319
5866 1800
5293 7981
5488 1096
1389 5637
9027 4873
1023 7260
5835 5563
3768 5403
2319 6569
7695 1164
1467 1790
5952 6517
5375 7514
2443 6124
3854 9003
5412 2580
9198 9260
8650 4042
3841 5463
4816 808
895 3750
4387 9580
6944 5744
6353 343
72 6837
4376 4678
2995 5987
8878 372
4433 5229
9353 6289
5944 2783
234 9053
9360 9000
5063 9853
4935 1701
5665 6189
37 7545
6 4598
2268 5241
5490 9076
3965 187
8232 9249
3256 9253
1128 8185
559 6697
5782 2638
8899 6505
1078 1776
1579 5007
2285 5511
7565 9498
2739 6906
2839 2648
1245 7374
6736 5781
5132 5999
9730 5059
2736 248
4273 180
6963 180
2147 2806
847 3254
4074 5472
182 9783
9478 393
9523 3806
9957 3188
2233 9147
1183 6109
8317 9297
7308 7120
9060 2310
3470 7195
914 8427
50 5262
4264 1465
9817 3505
8519 4826
6661 2960
4584 8456
3876 5969
5499 5710
4692 9440
5012 9951
3334 9791
7949 8435
5139 694
5467 4660
8472 2525
5772 6634
3192 6220
1637 868
6975 2164
6365 5442
4204 6826
7453 7535
7762 8432
4060 3968
4419 7929
2048 3577
1553 9090
4853 7551
9040 4552
4983 5323
8180 4659
7707 5165
381 9343
5016 4524
8290 8498
5519 8283
7844 1116
5714 2989
1508 532
5198 2877
3185 5153
6429 8254
9204 6525
8866 1837
3882 3508
7013 2272
1990 1240
8182 4701
3442 3797
760 5737
3542 9679
3763 6294
493 8287
9979 5821
6620 1458
5869 5839
6663 1987
9645 1637
823 5734
7165 2045
9370 5633
6831 6634
5841 1400
4506 1159
3374 8867
9173 9187
5035 4422
3373 8155
3608 7103
3236 7661
3871 1119
5799 3012
5193 4666
1334 7963
2468 1949
6064 2281
2797 9594
405 1381
5977 7639
8806 5822
9383 4668
2452 6866
5127 9706
7253 5955
6258 1812
5083 9104
9672 4564
4776 3587
3133 6510
5498 7697
6729 6341
9491 5667
7610 1987
6895 2988
738 4422
767 8850
224 2288
3406 5254
6721 4038
4770 1869
2239 3962
7226 9341
2010 500
2664 8861
8257 7348
5811 4763
9342 1381
4412 1409
4298 6086
3717 7324
3242 6285
7655 6245
8070 6851
3521 3532
9051 5905
2565 8928
2490 7828
7636 2681
4487 7822
606 8843
5974 3744
5950 3015
3661 8361
7753 267
2178 1273
2237 980
1756 1073
8489 7165
7397 5150
6578 4499
7740 4560
2112 8360
6597 4123
1261 7729
7300 9832
7033 5737
9169 4623
9926 3607
1039 6434
1875 1263
3149 9801
9112 5059
9102 2441
1549 8619
4315 9539
3230 7804
2893 5241
6006 5713
6127 8121
2972 6487
7480 2819
6735 1595
2802 3359
5934 3104
498 3613
3365 806
8994 9171
6533 6788
7343 2519
5944 510
3521 5758
5268 671
3860 5946
6167 8027
9673 1394
1657 945
1967 7588
424 6527
2227 3013
7192 7884
6513 2427
443 9021
2666 8947
5831 2803
1703 734
8371 4182
8274 6440
5241 330
4753 4639
8106 8459
6089 1689
461 890
7421 273
3508 6488
3968 9674
5636 7142
6350 7269
5298 7629
1404 6634
7230 5174
5316 4557
9825 2504
7291 8395
3187 8921
4812 882
4554 8055
5342 8264
872 5710
2269 3241
2205 2239
1490 2694
3624 5127
2025 3379
1114 1071
2662 3599
2224 72
1913 208
2113 9452
7855 4232
5186 4539
1738 8452
5692 8064
7284 9588
8075 167
1536 9433
2421 158
6747 4765
4775 1187
7186 7708
6077 1361
4371 310
1595 5969
7285 5769
234 2281
2387 1995
8476 6562
9050 837
373 7574
6586 3221
2196 4534
2401 6914
3312 1900
7305 6883
4084 3013
9287 9603
1425 9137
9718 7720
5559 3480
6859 9341
4905 3832
559 9799
3357 5875
9161 4049
4639 8720
2167 7588
1282 9157
3841 6702
1894 8738
7773 9450
4399 3243
6873 1297
7530 2792
4386 2464
9121 5035
3719 5220
3477 7388
172 5382
960 7173
3789 5961
9585 4455
8650 4333
4766 8127
3677 7982
6157 8526
5190 2803
3830 6671
5941 7701
122 1089
5069 6074
8480 1932
7245 5554
5026 2628
6419 1728
3633 4592
4052 6181
2930 6561
1619 8395
9765 746
1202 8693
6462 9164
1719 6277
2240 5067
8588 322
9530 8196
1334 2889
9636 7523
906 7867
6255 6970
5862 2404
3392 4780
5488 8270
9086 7004
4430 3293
7714 6104
5525 2958
1952 7516
1196 8171
8905 7317
4326 6503
5627 1937
123 4646
1997 8533
1692 2034
7658 2527
9488 713
9334 7321
8913 4973
8465 7505
6440 6347
1918 5507
2688 8205
5940 4127
2500 3550
6217 7610
7272 809
7585 7293
3258 1459
5808 2884
3062 2450
7653 6517
6280 3174
2001 3142
2015 3092
9858 8822
3635 7348
2568 3510
8772 8815
3779 6302
3501 9782
2219 3519
1123 9118
893 6869
1718 1706
2416 6949
5522 8896
7070 3294
140 5500
263 2453
740 6387
129 8432
1203 3372
1661 5056
9237 9308
8561 1809
1654 6201
7096 3199
2471 9354
7733 4249
1127 8432
8505 6027
4547 8469
6930 3907
736 9289
7076 8969
8562 9857
5828 8618
5679 3004
9553 8476
7847 3805
9318 6364
8771 9757
9140 3404
4635 7176
1532 1747
5044 6763
4580 4821
9599 7670
3870 1336
1397 9825
7852 8477
750 4880
6893 5304
6372 9520
5781 4813
8362 8119
7141 7227
7432 8250
2794 4601
1010 5720
7593 2527
5973 1767
1954 8222
5182 6142
9585 6159
754 2631
4817 6229
9701 810
7598 3042
8052 3107
7131 6715
8113 6708
7705 257
8447 4744
213 727
3263 8468
9609 4190
2595 3242
5057 3083
8072 2689
8298 4696
8133 2860
580 7703
7254 2679
9751 9414
9055 985
7320 1182
4763 1953
1176 777
1799 3063
1299 6255
3663 3421
200 3123
5564 5775
5636 4207
6567 7420
7567 8559
3467 4738
5614 4033
8701 7666
1750 4992
4684 4019
9040 6031
885 4639
8662 369
7922 2263
295 4859
4188 9916
6481 6028
566 5738
1026 6478
4704 7906
2864 3577
4867 32
475 2270
3173 2552
9786 3029
3913 7556
2959 5760
9831 406
365 8279
252 4399
4285 85
1508 2877
9301 5428
9885 7467
7920 418
1113 2684
3329 9171
4706 1068
4652 8743
5839 5209
6560 6454
9406 3424
9665 8005
1735 209
2238 7742
1710 4228
9224 4351
9761 3111
1630 3362
2016 455
8760 4720
3217 3877
961 7834
5061 3231
6981 6804
5010 758
4288 7774
9314 2201
8146 4185
2530 7997
5988 3928
8710 123
263 5607
167 1516
9584 5451
4450 8426
1337 8127
7734 2399
715 9700
9169 7243
4242 4570
8865 9989
2450 1805
188 7328
6764 3796
4778 2288
3601 4539
5610 420
2948 3180
1331 5558
5411 4207
544 2692
7906 8136
879 7314
6107 2129
8341 9794
9022 6786
5192 4137
7011 1745
2783 4053
1680 5460
3563 7683
6380 5896
8237 5555
3783 6223
9022 2859
2805 8139
4568 6069
3276 3624
4393 4620
504 9631
7081 4614
3213 3061
4041 5756
5977 6555
6420 9691
5943 4368
3027 6942
3599 9708
8433 5086
1564 8013
3997 4948
9553 5907
1919 8126
5957 6537
756 9905
1353 4698
2634 9400
4068 1283
5292 1405
8914 7460
9046 8354
8350 119
5762 7008
6614 3036
3066 7689
2190 6468
1376 3868
4503 9382
2254 4913
8293 4749
8446 5635
819 8756
648 7489
2171 6589
9808 9089
4638 1857
2671 6682
27 4277
466 5830
1861 2342
5500 9544
9710 978
2059 2105
5882 8330
2877 9495
3765 2913
1744 3951
9266 5975
3375 3807
2420 2443
4260 8699
6688 5965
3128 9265
3322 7243
5273 5600
2365 2782
6028 5617
6436 2464
4778 4182
5431 7996
1721 9965
2127 1526
8264 4907
7953 1060
2984 897
1158 667
8407 9023
6745 2118
7234 9549
4975 6382
27 775
1457 9114
423 4499
1210 2505
2592 1740
784 1287
2686 7935
392 6608
8687 6400
9458 7881
2560 9768
5461 7489
1181 42
3693 1141
1182 8661
919 8831
8997 6782
1962 7516
1563 1769
7735 1181
9251 4908
6665 9908
3041 8878
7062 8933
6560 3746
4261 3956
5155 7325
5628 1844
3600 8728
5489 4432
1338 1522
937 8050
2507 3457
7099 9578
9278 2841
7411 7175
583 9415
4225 2644
7412 774
5385 340
6908 9467
2304 7584
9144 1280
7634 256
7343 1011
5618 5113
4371 7268
761 3255
1398 6863
9923 2423
9353 4450
1354 5087
6821 3952
7326 3721
6230 736
4007 2463