4051 323
5004 1957
2056 2867
4048 4121
9387 1061
2200 5591
3438 4049
9177 1261
3266 2323
8585 7324
7198 5841
7376 3427
8778 8956
4564 155
985 1560
188 7166
6455 7398
2175 911
1430 6012
2919 8330
4920 1503
2577 229
4460 8165
199 7164
5638 1517
2736 1542
2489 1471
5026 3181
4894 3598
9299 362
7136 2684
997 5765
6830 7589
7690 3579
9884 8604
9989 6258
7691 7278
2683 1060
5489 7512
1573 5181
2783 6246
9929 1995
5030 3456
5206 690
668 43
4817 5207
4504 6558
9227 1089
5299 8740
7547 4601
4412 5038
5267 6483
4873 9089
8466 8370
1931 7084
1653 5388
987 9001
6945 9597
6786 5664
5737 7488
8537 9250
9 5200
5598 9296
5314 2566
5525 482
2149 9619
1014 9949
5601 1633
2882 9982
6439 449
4726 3774
9856 3398
6246 1349
1979 4409
2133 5232
9704 284
6693 5547
3393 8592
7270 1017
3957 7815
3196 1460
7928 9108
1814 5508
188 4817
4383 7937
2773 1502
2265 8276
632 6705
2270 4319
7652 2120
2048 7925
6295 4765
1496 4787
7451 4677
6885 6186
860 6380
5913 8070
7420 7182
7399 5138
9524 3004
9563 200
7198 3183
4149 6358
5298 5982
5950 5268
5423 7285
2992 7873
7687 8242
3177 3470
3419 7051
689 588
6439 5587
2491 2184
2225 8288
656 9524
4889 6971
233 3692
5236 6694
9878 2166
6635 5561
5734 9454
1896 7002
1847 7230
8181 5528
3063 48
8693 9888
3885 5027
1450 6951
6958 6755
9283 7330
831 2049
7678 6045
9224 2796
7662 4980
8676 9565
4361 9232
2567 5150
6488 4634
977 6648
5643 6298
6908 559
78 6406
8421 6033
5852 5308
5583 4521
7119 3205
6632 6690
4806 3679
9309 237
1458 9931
5596 565
5114 4977
9447 6708
6881 5220
8460 4081
7580 5124
7219 1594
768 9659
6664 7768
9572 3365
4953 9444
9966 8202
4818 7705
320 1249
9348 1456
5188 534
7804 8448
6685 2312
8595 9370
9107 9553
4560 8330
1730 8866
8262 3687
668 2655
3390 1205
9715 452
208 3418
1502 7676
8338 2234
1374 5756
3842 299
3565 633
4559 6142
1472 8089
9224 4331
6588 4438
5722 4325
4596 7448
8784 3811
6128 4169
5736 1391
3935 6466
1563 591
1560 1322
3597 7609
477 2213
5817 9050
2398 2835
3512 2968
2779 9776
2150 7286
270 1598
3716 7466
4499 688
737 2156
7503 4083
1460 3597
5684 7061
1070 4833
2124 1102
1735 503
2775 9309
3722 2923
3671 4015
7743 8734
7617 3753
413 9095
4174 8497
3310 1616
9925 1281
8095 9717
5262 7861
2054 1305
2564 4469
9652 9040
3532 6029
7964 7119
8278 7275
3092 4574
5823 9313
2677 929
425 1039
9905 8917
7575 8033
1379 5933
5102 6854
1396 9569
8709 9203
7011 1787
1039 8877
6014 375
1812 5687
4244 2832
5793 110
1089 9474
2052 237
8633 1898
2230 8958
2283 1202
5301 2278
2753 590
7730 6141
3543 9497
1661 7850
6471 2569
7878 9726
9985 7574
5354 8205
4971 3405
8668 4833
1947 7315
8469 4870
6129 2491
7575 2329
6264 7516
6190 432
6671 1515
8635 906
6692 7841
5577 9076
5018 4404
4843 8175
4091 9488
2898 3475
6806 2282
7683 3940
3315 8552
6907 7688
8015 1032
6873 5849
2764 9190
741 4624
3239 3221
6091 3521
8810 6990
1031 7185
5454 7238
4334 2409
1302 3509
5482 9856
4282 5744
8864 3212
4583 5009
6116 8170
3579 981
1023 2806
8184 6200
8466 9289
4051 8741
2950 5110
7194 73
9240 5033
1635 9997
3802 5889
4578 701
3188 9385
937 2101
2891 6486
8088 9851
2541 7617
2822 7497
5601 3644
4196 5284
4718 6972
9389 7775
3991 7185
7441 1634
5344 6019
4549 6257
2522 3678
6035 4546
8213 6370
8022 5281
4493 742
7205 8322
9370 9104
325 5213
9137 1361
5989 2733
5865 8598
3002 704
3829 3906
686 687
4285 6823
8369 8205
8364 2534
5869 4196
8753 6841
5002 2844
5832 6008
7171 7069
4451 3738
9657 9104
5440 5789
8695 1502
2986 7271
4659 404
1056 5195
4195 5266
6767 8624
5386 2760
3143 7095
436 2670
2859 2975
9676 9566
7432 1545
750 2992
8829 1007
6068 8641
4776 2454
2915 8783
1844 2477
8752 2564
5365 7883
1035 5819
2998 309
4706 6740
5282 8851
279 9072
5008 2891
5665 9527
2189 7865
786 8969
8229 52
5332 928
6128 8115
7704 3810
9857 1802
8313 6175
2484 7123
966 7630
9476 4451
3925 8150
4441 3554
8898 5739
7133 3154
3950 3951
9052 4137
9207 4576
6645 7972
8732 3137
7939 106
9337 507
3671 525
1055 3698
3219 6147
1029 5870
1390 6426
9364 7985
6460 4763
7601 2998
7746 6555
3347 9241
6792 7205
693 3638
2478 1080
4992 7541
9178 4146
5102 6342
2336 7897
1291 2709
6926 744
2428 6475
5073 912
262 6834
3370 2645
7825 1809
7805 7514
3108 8654
3248 9068
7089 9132
2114 1306
2663 1872
3657 9591
6224 2823
5980 8457
2714 2358
7069 3902
2265 2761
2697 9789
3383 6912
7765 5362
9393 2465
4695 2292
2833 8417
4624 5166
1258 5169
4670 3947
5424 1093
3727 7228
8683 7447
507 990
1471 9472
8463 1170
5843 3330
6898 1408
1242 787
8584 5006
477 7477
4238 349
1730 7580
5344 1917
9430 6328
2809 555
904 2177
7030 1038
2117 8707
8650 519
6173 2781
8889 2051
1317 8725
3368 2251
1674 2169
8358 3713
9333 7871
4142 6723
2051 9655
4428 7509
5540 7139
3129 6322
3411 745
1820 8751
3796 378
5629 6481
8919 1938
746 9090
90 7812
9717 81
2981 9532
2678 1304
2694 5987
5262 6342
8363 2998
2619 6458
4926 2840
2669 1058
7123 2508
7019 8259
2928 6232
815 4076
8919 7997
1030 8859
3591 5671
9184 2678
6600 7661
824 1692
8734 3783
6916 5263
1394 3939
4878 3684
4124 4222
5951 2955
9786 8292
844 7163
1228 2912
8044 789
8853 8973
245 6628
7415 8649
2442 2807
2701 6738
4753 9876
8702 6139
3963 6298
5924 6646
8203 870
6057 3619
8076 4087
2332 8264
315 9624
31 7619
1792 9677
8384 991
1475 838
4538 4680
8949 3782
2800 3828
5634 13
6996 9944
5096 1455
3236 7390
4999 6555
2885 811
3965 7077
1771 9787
240 1836
4845 6235
4334 7967
5186 8728
1947 6793
2692 6113
6916 3966
1999 86
777 3042
4592 3540
5488 6804
2897 2347
6817 3662
3320 3510
5637 1555
1549 8214
5796 2044
5878 1912
2143 8930
3829 6772
5393 4734
6283 9750
2759 8893
4789 7786
9501 4482
4932 8224
2761 8961
8528 207
7626 2505
7922 5055
1815 3952
1982 368
7736 3694
3396 7736
745 2393
201 5953
2633 1966
8610 343
8203 3034
5682 512
7380 8140
3197 418
7492 5701
9581 6406
2777 5725
3993 8202
5119 7592
7238 7108
1465 4425
8713 7
1852 7493
5691 8114
16 9746
7568 8040
4274 5060
2082 3703
2195 2473
4081 9928
5471 647
3997 155
6150 9865
4016 3281
8536 1067
2026 8842
7157 1856
5812 1299
2637 1452
1683 3814
347 9605
3315 7408
4864 6681
7253 2135
6026 854
8457 7389
3491 4225
1550 8625
1205 28
3051 6033
7935 3193
6493 6280
7477 2901
2148 3590
3681 362
8371 7118
562 8789
2253 8008
698 5331
3205 6292
7732 6364
4031 4773
8998 4414
713 6001
5059 112
3324 1401
7934 7233
9487 6532
5084 3326
6087 2206
3345 3352
4416 6231
339 3980
4731 4922
2399 2260
6714 9964
2556 8887
6337 9482
1554 8979
4272 4269
4667 5102
3499 4751
5043 9866
2043 7135
5912 5336
5627 2411
5784 7200
4858 3435
7251 9968
5484 6844
8467 1411
2103 9974
426 5222
6675 4426
10 2874
4772 994
5518 2891
3168 8900
3958 3678
568 8798
1990 58
7088 5003
443 1756
6946 9095
5302 750
7966 2376
647 7266
4843 3263
5912 840
8517 7364
6118 5351
5275 4575
8798 1319
4320 4096
4824 8944
4330 4952
3095 423
2617 4023
3231 1982
6927 5997
2509 6462
8532 277
3291 1732
4281 8868
1956 6535
6477 4539
1048 1035
8354 2598
5878 6370
4984 7996
1172 7266
9824 9693
212 4838
4349 6611
9813 7291
4384 6068
4126 4443
639 6250
5004 2979
8548 7397
5911 2779
4606 9832
4647 7770
8142 8803
4636 3618
451 3015
9974 6715
3740 6645
76 4062
7586 9032
1605 1025
9967 4221
4283 4169
4986 2432
6645 749
8827 9783
5239 1038
4041 429
2468 9908
1533 385
1464 765
8673 2882
31 4227
8943 4174
6728 7638
3637 2318
8556 6979
6115 7305
4080 3449
7743 36
1703 5008
6032 9433
1415 2405
1525 7278
1248 3852
3877 1850
9984 2311
5994 6658
9939 1931
2765 4960
783 2061
2025 5
5893 5814
9769 6759
7937 1741
9146 3208
9188 5805
9673 4164
3768 2768
230 6161
9435 6119
287 3978
1576 4074
1522 2920
9367 7210
9937 2813
6645 5094
9488 1181
8868 9676
2962 8283
1945 9592
3766 3987
225 7607
9032 4927
3180 8619
7128 5904
3106 7174
376 7039
194 4417
482 2216
9831 6276
8673 3126
7228 9521
2047 257
7284 7886
4852 5979
2405 8070
8417 4105
5883 278
2145 226
9059 991
9988 293
234 6770
695 9987
325 7848
1316 5081
8310 9612
5531 5328
9176 8983
3068 2524
3316 7818
1444 572
2776 2149
391 3915
3079 6183
5015 2527
4604 4113
9843 4722
9771 2189
3680 3116
2158 4272
3407 5262
9982 5209
7396 4085
759 7323
439 4640
9437 5758
7383 6426
7944 122
2508 3236
2918 2881
4870 7300
933 6146
2047 6646
4394 7661
3584 8896
4487 9720
3419 3615
3 3000
5751 6403
3094 4434
6401 464
8418 2056
4838 8571
2846 189
9664 6520
4850 9696
663 6107
2576 1721
598 3261
5950 9248
6006 997
1767 5393
2220 8115
2358 9568
1145 5933
5521 8983
1369 7807
2492 3
340 6438
8984 4178
3720 8203
8842 3729
6579 6519
8072 2871
5114 9882
1765 7265
7252 115
7325 8341
5838 8709
3884 6309
365 6888
3155 2660
1905 7024
7028 8008
688 4465
5881 9065
2526 1022
9777 3131
6636 3427
6034 6730
2618 4066
2595 2661
2741 5688
4536 2038
6104 7378
355 7057
8253 9387
6312 7356
6421 4626
7574 6466
3112 1271
7417 2707
8564 7112
529 1475
4324 8247
3311 7445
7515 5308
54 950
3698 6893
5939 8108
4248 1080
6604 3737
6666 1205
1005 8183
3232 6671
1098 502
8659 6109
3075 5978
1672 6254
257 1630
9055 3407
2967 61
1923 4522
1603 6435
1813 4590
4235 9032
8836 7270
49 2402
3933 7747
7471 9103
9386 7416
9965 3372
1604 6763
1698 5786
9909 3838
4506 9134
6639 1235
3728 1837
3919 3733
5168 2839
8308 5463
1607 8422
8602 7182
3187 2736
7108 4550
1580 618
7592 7914
3128 7167
5249 758
6337 1069
1188 8870
5915 9719
3002 1826
8146 9010
5242 6140
8569 4477
564 2463
950 5686
6464 4226
4901 791
7096 9062
2009 1047
4747 5886
2053 7647
7116 9864
8346 7890
356 3609
4248 3302
9556 1392
2901 1663
1558 3245
5742 8714
3567 2431
5985 7865
7165 5670
2594 3735
6102 1447
4904 1794
4395 2153
6234 5304
6458 6778
7421 3184
6956 6598
7458 4551
7632 2504
7762 9167
2461 9960
4298 2572
4670 5
9709 9330
2678 4394
5314 5611
3705 1434
1574 1865
790 7656
9491 6762
740 555
9504 7221
1825 572
9911 9143
4653 3787
1410 6890
798 5204
7962 9197
3282 1851
7461 5561
2137 6917
3437 13
7045 5758
9284 4045
50 7994
3200 9167
8621 6505
2353 2605
240 1275
7073 4036
2053 1817
537 9679
7692 2238
3139 8086
7509 1607
4938 1617
4429 3150
4751 9870
5806 3857
8795 7457