65536
0	7609	22841	0
1	7769	23364	1
2	7520	22954	2
3	7456	23049	3
4	7960	23306	4
5	7618	22656	5
7	7736	23154	7
9	7717	23412	9
10	7232	21984	10
12	7710	22807	12
13	7836	23376	13
15	7678	22902	15
16	7835	23059	16
18	7544	23515	18
19	7636	23365	19
20	7645	23212	20
22	7888	23589	22
24	7786	23146	24
25	7805	23373	25
26	7564	22911	26
27	7707	23100	27
29	7774	23054	29
30	7572	22912	30
33	7784	23156	33
34	7623	23491	34
37	7160	23150	37
39	7624	23576	39
41	7687	23506	41
42	7862	22960	42
43	7677	22717	43
44	7893	23359	44
46	8097	25002	46
47	8295	25013	47
48	8275	24894	48
49	8298	25174	49
51	8029	25122	51
52	8261	25018	52
53	8209	24979	53
55	8181	24934	55
56	8195	24874	56
57	8022	25076	57
58	8310	24799	58
59	8512	27140	59
61	8325	24802	61
62	8168	24846	62
63	8090	25009	63
64	8189	24928	64
65	8094	25014	65
66	8287	25112	66
67	8294	25025	67
68	8019	25006	68
71	8044	25084	71
73	8227	25046	73
74	8286	25059	74
78	8201	25051	78
85	8161	25060	85
86	8238	25090	86
87	8096	24947	87
88	8044	24944	88
89	8315	25188	89
90	8078	25022	90
91	8051	24988	91
92	8131	25045	92
93	8183	24957	93
94	8273	24966	94
95	8092	25057	95
96	8225	24865	96
98	8308	24910	98
99	8227	24849	99
100	8227	24850	100
101	8212	24875	101
102	8024	24978	102
103	8078	25014	103
104	8141	24967	104
105	8252	24857	105
106	8326	25150	106
107	8053	24933	107
108	8187	24865	108
109	8237	24885	109
110	8037	25118	110
111	7161	25718	111
112	8293	24895	112
114	8212	24855	114
116	8264	24938	116
117	8141	24802	117
120	8058	24956	120
121	8095	24948	121
122	8241	24869	122
123	7995	24979	123
127	8173	24864	127
128	8092	25074	128
130	8085	25024	130
132	8307	24868	132
134	8048	24977	134
135	8227	24878	135
136	8215	24905	136
138	8085	25045	138
141	8282	25205	141
147	8148	24895	147
150	8213	24902	150
152	8154	24889	152
154	8166	24954	154
158	8037	25059	158
159	8281	24898	159
160	8257	25025	160
166	8282	24980	166
176	8315	24776	176
189	7569	26845	189
190	8360	27317	190
191	7506	27069	191
192	7411	27135	192
193	8293	26909	193
194	8988	28237	194
195	8624	27281	195
196	8594	27296	196
197	8101	27274	197
198	8241	26862	198
199	8177	26857	199
200	8488	26858	200
201	8467	27095	201
202	7753	27462	202
203	8123	27065	203
204	8244	26954	204
205	8227	27293	205
206	8532	27163	206
207	7219	27169	207
208	7879	27218	208
209	8120	26915	209
210	7814	29486	210
211	9078	28138	211
212	8320	27771	212
213	8016	27569	213
214	7582	27021	214
215	8109	27751	215
216	8306	27581	216
217	8491	29170	217
218	8367	28889	218
219	8271	28424	219
220	8300	28196	220
221	9039	27295	221
222	8318	28672	222
225	8128	26841	225
226	9087	28142	226
227	7745	27455	227
228	7743	27411	228
233	8106	28881	233
234	7748	27074	234
237	8042	28577	237
240	8181	27132	240
244	7521	27363	244
245	8479	28897	245
258	8174	28147	258
269	7180	26806	269
270	8321	27761	270
271	8821	28402	271
272	8023	27005	272
273	8317	27426	273
274	7279	27093	274
275	7666	27946	275
276	7730	27672	276
278	8786	27339	278
279	8980	27128	279
280	8511	27094	280
281	8184	26898	281
282	8397	26815	282
283	8402	26834	283
284	8283	27272	284
285	8272	26866	285
286	8440	27085	286
287	8463	27166	287
288	6968	26556	288
289	7569	26995	289
290	8059	26826	290
291	8315	28665	291
292	8497	26955	292
293	8846	27126	293
294	9101	28012	294
295	7879	27233	295
296	8484	29075	296
297	8502	27019	297
299	9083	28086	299
301	8440	27113	301
305	9071	27233	305
309	8340	26905	309
318	7502	26961	318
326	7208	26804	326
327	9461	27377	327
328	7342	26890	328
330	8446	27105	330
332	8295	27275	332
333	7575	26988	333
334	9064	27226	334
335	8345	28581	335
338	8322	26842	338
350	7516	27123	350
353	7739	27398	353
354	7868	27242	354
373	7525	27236	373
382	8480	29224	382
389	17455	9376	389
390	19342	9502	390
391	18558	9495	391
392	20606	9190	392
393	14511	10308	393
394	16239	10558	394
395	15258	9793	395
396	22712	8157	396
397	15235	10819	397
398	22919	9558	398
399	20898	11009	399
400	20396	7307	400
401	17485	9354	401
402	20645	9200	402
414	19339	9507	414
415	17497	9338	415
417	18558	9517	417
418	20569	9180	418
419	16154	10564	419
420	14905	9923	420
421	15301	10822	421
422	16837	10132	422
423	22603	9638	423
424	17608	9459	424
425	20959	10888	425
429	18541	9512	429
430	20645	9196	430
431	16247	10540	431
432	15254	9818	432
433	15220	10780	433
436	20908	10990	436
446	17478	9411	446
447	19349	9498	447
448	20640	9201	448
449	16236	10551	449
450	15287	9786	450
451	22930	9557	451
452	17449	9380	452
453	20901	11014	453
462	15282	9794	462
471	21168	19741	471
472	20971	15266	472
473	19569	20788	473
474	19457	19182	474
475	21822	18721	475
476	21669	17349	476
477	20611	18469	477
479	20504	18114	479
480	20131	20347	480
481	20612	18549	481
484	20130	20268	484
486	20372	20344	486
487	20561	18639	487
488	20961	15123	488
489	21804	18730	489
490	19895	16158	490
493	21376	17908	493
494	20159	20330	494
496	20582	18500	496
498	19574	20798	498
499	19902	16142	499
500	20583	18490	500
501	20172	20348	501
509	19890	16151	509
511	20621	18451	511
512	20593	18202	512
513	20198	20368	513
516	20158	20327	516
517	20599	18492	517
518	20666	18557	518
519	21145	19773	519
520	19579	20808	520
521	19895	16141	521
522	21325	16589	522
523	20165	20326	523
525	20586	18476	525
527	21146	19775	527
528	20597	19802	528
529	21344	17868	529
530	19796	17819	530
532	19572	20795	532
533	21826	18714	533
536	19898	16142	536
537	20594	17128	537
538	20646	18503	538
539	21504	17608	539
541	19787	17835	541
542	5361	21960	542
543	6252	20989	543
544	5817	20942	544
545	5756	20679	545
546	6664	20878	546
548	6527	21119	548
549	6004	21154	549
550	7504	20515	550
551	6185	21033	551
553	5992	21128	553
554	5898	21221	554
555	5726	20968	555
556	5397	22292	556
557	5950	22367	557
558	6150	20950	558
559	5997	21381	559
560	5787	21723	560
561	5922	21421	561
563	6212	20963	563
564	6175	20955	564
566	5968	20929	566
567	6054	21116	567
569	6880	21477	569
570	5894	21741	570
571	5909	20946	571
572	6436	20913	572
573	5410	22178	573
574	6289	21133	574
575	6182	20987	575
576	6319	22860	576
577	6118	20906	577
579	6043	21195	579
580	6562	21170	580
581	5444	22226	581
583	5939	21293	583
584	6013	21256	584
585	6219	21076	585
586	6084	20949	586
587	6461	21175	587
588	5889	21034	588
589	5829	20825	589
590	6453	21020	590
594	6503	21182	594
595	5632	22013	595
597	6261	21106	597
598	6028	21032	598
599	6566	21209	599
602	6363	21040	602
603	5947	23266	603
604	5326	21956	604
610	5235	21342	610
612	5966	20627	612
614	5778	20774	614
616	6088	21270	616
619	6447	21099	619
620	6609	21191	620
621	6042	21043	621
623	5762	21058	623
635	5936	23221	635
638	5557	20875	638
641	6499	21048	641
650	7124	22049	650
661	5959	20848	661
669	5966	21181	669
670	6388	21053	670
671	5973	22427	671
672	5877	21084	672
673	5982	21137	673
674	6089	21257	674
675	7236	21991	675
678	5496	22234	678
679	5366	22082	679
680	5247	20164	680
681	6911	20367	681
683	7215	21461	683
686	6807	21158	686
687	6605	21404	687
688	5903	22356	688
690	6286	22976	690
692	6465	21019	692
693	6465	21018	693
694	5807	21083	694
695	5394	21964	695
697	5447	22241	697
698	5349	21928	698
699	6125	21160	699
701	5982	21352	701
702	6176	21019	702
703	5395	22149	703
704	6095	21114	704
706	5970	22423	706
707	6842	21574	707
709	5785	20873	709
710	6113	21131	710
711	6138	21140	711
712	6067	21089	712
713	5730	20791	713
714	6183	21024	714
716	5865	20965	716
718	5984	21192	718
719	6186	21094	719
721	5820	20905	721
722	6136	21114	722
723	5911	21017	723
724	6972	21411	724
725	5786	20869	725
729	6336	21060	729
730	6011	21282	730
732	6105	21174	732
733	6221	20991	733
734	6486	21137	734
735	6028	21001	735
736	5295	21898	736
737	5943	21157	737
738	5900	21559	738
739	6100	22404	739
740	5902	22196	740
741	6102	21311	741
742	6822	21194	742
743	5323	22617	743
744	5422	22059	744
745	6253	23016	745
747	5386	21749	747
749	5808	21060	749
756	6073	22377	756
759	5998	21091	759
760	5962	21107	760
761	6140	21075	761
764	6857	21465	764
765	5941	21797	765
768	5403	22100	768
769	6320	22900	769
770	5954	23256	770
771	5906	21102	771
772	6647	21297	772
773	6434	20785	773
774	6914	21833	774
806	6568	21434	806
807	6149	23276	807
808	6346	22783	808
809	6126	21196	809
810	5865	23268	810
811	5567	20899	811
812	7549	21625	812
813	5909	21147	813
828	5990	21101	828
836	5248	21422	836
837	5291	21791	837
838	5368	22100	838
841	6853	21386	841
849	6465	20714	849
854	6142	21059	854
859	5962	20645	859
865	5961	23310	865
868	6028	22319	868
871	6107	21059	871
878	6228	21134	878
879	5549	22428	879
880	5820	21089	880
881	5980	21536	881
884	5423	22190	884
895	5988	22444	895
896	5747	20637	896
901	7569	25383	901
902	7476	25257	902
903	7444	25410	903
904	7726	25280	904
905	7609	25232	905
906	7686	25238	906
907	7425	25358	907
908	7630	25324	908
909	7495	25458	909
910	7511	25305	910
911	7396	25434	911
912	7617	25432	912
913	7592	25356	913
914	7636	25151	914
915	7499	25370	915
916	7738	25256	916
919	7630	25306	919
923	7769	25178	923
932	7633	25298	932
944	7454	25187	944
946	7675	25064	946
948	7763	25150	948
950	7698	24986	950
951	7685	25113	951
952	7544	25380	952
953	7638	25129	953
954	7665	25337	954
955	7698	25092	955
956	7642	25128	956
957	7730	25143	957
963	7587	25236	963
964	7572	25324	964
965	7697	24994	965
966	7673	25168	966
967	7413	25453	967
968	7466	25261	968
969	7556	25417	969
970	7522	25163	970
971	7575	25242	971
973	7825	25084	973
974	7637	25140	974
977	7493	25449	977
978	7712	25026	978
979	7553	25273	979
984	7412	25464	984
985	7672	25132	985
987	7536	25368	987
988	7667	25229	988
998	7529	25406	998
1006	7642	25127	1006
1011	7582	25378	1011
1018	7609	25345	1018
1021	7645	25422	1021
1024	7567	25233	1024
1025	7460	25250	1025
1026	7485	25309	1026
1028	4939	4643	1028
1029	6211	4997	1029
1030	9512	3425	1030
1031	4803	4603	1031
1032	4918	4506	1032
1033	4789	4695	1033
1034	7451	2639	1034
1035	5003	4631	1035
1036	4930	4598	1036
1037	5716	4686	1037
1038	4877	4652	1038
1039	6232	4794	1039
1041	9351	3693	1041
1042	5697	5674	1042
1043	6170	4762	1043
1045	9463	3329	1045
1046	4961	4537	1046
1053	9935	3666	1053
1054	6546	4516	1054
1061	8737	4268	1061
1062	8572	5176	1062
1064	9487	3407	1064
1068	7513	5770	1068
1069	4806	4520	1069
1072	9456	3204	1072
1073	7483	2706	1073
1074	5971	5008	1074
1075	8613	4205	1075
1076	4784	4744	1076
1082	7464	2682	1082
1084	5002	4644	1084
1085	4845	4637	1085
1086	4834	4479	1086
1097	9501	3388	1097
1099	4904	4645	1099
1100	9478	3350	1100
1101	9509	3388	1101
1102	4868	4520	1102
1103	7019	5301	1103
1104	9527	2810	1104
1105	5708	3158	1105
1106	5158	3969	1106
1107	4700	4663	1107
1108	5679	5604	1108
1109	4877	4624	1109
1113	4786	3439	1113
1114	4785	3439	1114
1115	6213	4769	1115
1117	8721	4276	1117
1120	5313	4678	1120
1122	8186	4187	1122
1130	6716	1041	1130
1136	5083	3429	1136
1137	9474	17330	1137
1138	6706	20044	1138
1140	6380	19293	1140
1141	7193	19809	1141
1142	8900	16408	1142
1143	7916	19443	1143
1144	7587	17303	1144
1145	9141	17094	1145
1146	6855	19249	1146
1147	6715	20018	1147
1148	6757	19977	1148
1149	9472	17335	1149
1153	8903	16402	1153
1156	8656	17804	1156
1157	9459	17290	1157
1158	6397	19369	1158
1163	6839	19294	1163
1168	7761	17449	1168
1174	8916	17952	1174
1176	9207	17545	1176
1177	6924	18860	1177
1180	8288	16669	1180
1181	9510	19626	1181
1182	7931	19416	1182
1183	7604	17310	1183
1184	7430	19982	1184
1185	9327	16508	1185
1187	6862	19208	1187
1188	9100	17030	1188
1190	6739	19791	1190
1191	6513	19314	1191
1192	7843	19444	1192
1193	7537	17375	1193
1196	6692	20042	1196
1197	6383	19296	1197
1198	8894	16370	1198
1208	9142	17098	1208
1223	6700	20035	1223
1225	6870	18130	1225
1226	8247	16654	1226
1228	8454	17703	1228
1229	6554	20410	1229
1230	8386	18302	1230
1232	6394	19322	1232
1235	8435	15988	1235
1236	7303	20016	1236
1241	6931	18850	1241
1243	6908	20367	1243
1246	11246	17746	1246
1247	10450	18383	1247
1248	10464	18298	1248
1249	11199	19745	1249
1250	10557	18928	1250
1251	10698	20887	1251
1252	10863	19812	1252
1253	11251	17726	1253
1255	10988	19908	1255
1258	10923	19866	1258
1261	11378	19651	1261
1264	10943	18673	1264
1268	10547	18671	1268
1269	11203	20476	1269
1270	10749	18753	1270
1271	11284	17516	1271
1272	10336	18344	1272
1273	11092	19790	1273
1274	10727	20918	1274
1275	11231	17736	1275
1276	10470	18372	1276
1277	10954	19868	1277
1278	11004	18690	1278
1279	10653	20914	1279
1289	10455	18388	1289
1291	10222	18892	1291
1296	10489	18344	1296
1297	11246	17729	1297
1298	10943	19846	1298
1299	10659	20942	1299
1301	10962	19820	1301
1303	10738	18723	1303
1304	10499	18405	1304
1308	10660	20942	1308
1310	17027	4908	1310
1311	16235	7167	1311
1312	19568	6973	1312
1313	18154	6893	1313
1314	16240	7153	1314
1315	17006	4952	1315
1322	16950	4869	1322
1323	16295	7208	1323
1326	18553	4521	1326
1327	16336	7026	1327
1328	18195	6802	1328
1329	17080	4968	1329
1330	19569	6928	1330
1333	18179	3619	1333
1334	16252	7163	1334
1335	18162	6946	1335
1337	17011	4905	1337
1338	19597	6949	1338
1344	16236	7143	1344
1347	16259	7162	1347
1348	18155	6903	1348
1349	17007	4947	1349
1350	19598	6946	1350
1352	18132	6902	1352
1354	17018	4931	1354
1357	19592	6949	1357
1359	7944	24207	1359
1360	8002	23951	1360
1361	7842	23956	1361
1362	7929	24371	1362
1363	7811	23692	1363
1364	7675	23692	1364
1365	7845	24309	1365
1366	7767	23600	1366
1367	8036	24000	1367
1368	8041	24303	1368
1369	7797	24370	1369
1370	7828	23959	1370
1371	7929	24284	1371
1372	7772	24421	1372
1373	7956	24151	1373
1374	7919	24375	1374
1375	7877	24263	1375
1377	7836	23680	1377
1379	7741	23782	1379
1380	7919	24329	1380
1381	7932	24371	1381
1384	7999	24024	1384
1385	7686	23553	1385
1388	7836	23881	1388
1389	8035	24072	1389
1392	7828	23900	1392
1393	7821	24098	1393
1396	7802	24308	1396
1401	7963	24340	1401
1404	8035	24221	1404
1405	7868	23907	1405
1408	7782	24375	1408
1411	7863	24183	1411
1412	7983	24110	1412
1417	7812	24407	1417
1420	7842	24338	1420
1421	7888	24250	1421
1422	8066	23330	1422
1423	7963	24134	1423
1424	7877	24151	1424
1425	8007	24171	1425
1426	7992	24075	1426
1427	8034	24086	1427
1429	7860	23647	1429
1431	7845	24392	1431
1432	7808	23984	1432
1433	7808	23986	1433
1435	7947	24154	1435
1436	7757	23868	1436
1437	8041	24313	1437
1438	7900	24253	1438
1443	7948	24146	1443
1444	7818	23995	1444
1445	7950	24157	1445
1446	7818	24091	1446
1448	7808	23686	1448
1449	7937	24295	1449
1450	8035	24280	1450
1451	7841	24373	1451
1462	7803	24082	1462
1463	7842	24413	1463
1465	7854	24415	1465
1469	8062	24055	1469
1471	7890	26081	1471
1476	14577	36840	1476
1477	14555	38011	1477
1478	14565	38032	1478
1479	16149	37123	1479
1482	15595	35342	1482
1484	14812	36464	1484
1485	14601	36781	1485
1487	15685	35355	1487
1489	15679	35294	1489
1490	14409	36866	1490
1491	14598	36775	1491
1493	15970	35061	1493
1494	13628	37358	1494
1496	15665	35343	1496
1498	15701	35349	1498
1502	14544	38016	1502
1503	15740	35428	1503
1505	14628	36748	1505
1506	14732	36610	1506
1507	16132	37125	1507
1508	14576	38076	1508
1509	15752	35369	1509
1510	14585	36777	1510
1511	14550	38015	1511
1512	14614	36818	1512
1513	16143	37129	1513
1514	15623	35349	1514
1515	14809	37863	1515
1516	15751	35602	1516
1517	15741	35348	1517
1518	15752	35602	1518
1522	14627	36822	1522
1523	15663	35370	1523
1535	16468	37370	1535
1543	11255	12666	1543
1544	11324	12564	1544
1546	8688	12056	1546
1547	10366	12165	1547
1548	9387	12782	1548
1549	11203	11595	1549
1550	9854	12660	1550
1551	9730	11468	1551
1552	11309	12573	1552
1553	11308	12597	1553
1555	11345	12758	1555
1556	10808	14037	1556
1557	11899	14458	1557
1562	11829	10660	1562
1563	11378	12497	1563
1565	8888	11335	1565
1567	11308	12588	1567
1568	11374	12685	1568
1570	11801	12325	1570
1571	11376	12649	1571
1572	11326	12489	1572
1573	11241	12631	1573
1574	11248	12614	1574
1576	11306	12728	1576
1577	11382	12456	1577
1578	11881	14475	1578
1579	8706	12064	1579
1580	8912	13347	1580
1581	9528	11514	1581
1583	11342	12750	1583
1584	11309	12581	1584
1585	11321	12603	1585
1587	8679	12052	1587
1588	9723	11467	1588
1589	11334	12962	1589
1596	11357	12700	1596
1599	11316	12573	1599
1600	8686	12041	1600
1601	9724	11474	1601
1603	11335	12572	1603
1605	11228	12270	1605
1614	11469	13835	1614
1617	9520	18005	1617
1622	9654	18181	1622
1623	9561	18014	1623
1624	9385	18206	1624
1625	9749	18039	1625
1626	9759	17956	1626
1628	9219	18021	1628
1629	9478	18042	1629
1630	9759	17957	1630
1631	9643	18151	1631
1632	9743	18145	1632
1633	9626	18156	1633
1634	9743	18142	1634
1635	9464	17977	1635
1636	9248	18344	1636
1637	9701	17903	1637
1638	9687	18378	1638
1639	9780	18055	1639
1640	9586	18197	1640
1641	9250	18327	1641
1642	9670	17799	1642
1643	9796	17986	1643
1644	9644	18367	1644
1645	9883	17994	1645
1646	9108	18344	1646
1648	9651	18023	1648
1649	9495	17896	1649
1651	9766	18087	1651
1652	10470	17271	1652
1653	9376	18060	1653
1654	9363	18248	1654
1655	9530	18102	1655
1656	9666	18303	1656
1657	9609	18036	1657
1658	9588	18138	1658
1659	9835	18049	1659
1662	9639	18355	1662
1663	9608	18174	1663
1664	9830	18045	1664
1665	9790	18061	1665
1666	9743	18143	1666
1667	9601	18208	1667
1671	9619	17926	1671
1687	9861	18246	1687
1693	9539	18308	1693
1697	9850	17913	1697
1701	9608	18039	1701
1703	9682	18245	1703
1704	10181	16943	1704
1706	10393	17440	1706
1708	10129	17918	1708
1711	9966	18075	1711
1713	9723	18212	1713
1716	9694	17913	1716
1729	9698	17868	1729
1730	9106	18253	1730
1731	9833	18141	1731
1732	9623	18422	1732
1736	9441	18035	1736
1737	9659	18182	1737
1739	9675	17802	1739
1740	9730	18151	1740
1741	9084	18315	1741
1742	9746	18014	1742
1744	9613	18039	1744
1746	9646	18023	1746
1748	10460	17289	1748
1751	9399	18052	1751
1753	9650	18293	1753
1755	9831	18041	1755
1756	9213	18169	1756
1764	9593	18198	1764
1770	9668	18030	1770
1771	10064	18161	1771
1778	9570	18015	1778
1780	9451	18029	1780
1781	9386	18071	1781
1782	9568	18025	1782
1793	9707	18234	1793
1795	9099	18327	1795
1796	9615	18311	1796
1798	9442	18030	1798
1799	9830	18051	1799
1800	9247	18344	1800
1801	9781	18047	1801
1802	9846	18049	1802
1803	9760	17912	1803
1804	9744	18148	1804
1807	9841	18048	1807
1809	9106	18331	1809
1814	9202	18288	1814
1816	8572	25210	1816
1817	8735	25660	1817
1818	8775	25525	1818
1819	8852	25757	1819
1820	8817	25485	1820
1821	8340	25295	1821
1822	8522	25407	1822
1823	8664	25423	1823
1824	8711	25545	1824
1825	8475	25223	1825
1826	8798	25638	1826
1827	8764	25589	1827
1829	8465	25454	1829
1830	8363	25310	1830
1833	8709	25680	1833
1834	8772	25391	1834
1836	8697	25755	1836
1837	8408	25192	1837
1838	8555	25297	1838
1839	8726	25658	1839
1840	8486	25477	1840
1841	8801	25624	1841
1842	8693	25480	1842
1843	8816	25367	1843
1844	8661	25413	1844
1847	8636	25649	1847
1848	8779	25452	1848
1852	8560	25243	1852
1856	8514	25531	1856
1858	8439	25205	1858
1859	8707	25633	1859
1872	8501	25313	1872
1883	8822	25435	1883
1889	8581	25591	1889
1890	8785	25616	1890
1891	8464	25386	1891
1895	8699	25724	1895
1896	8834	25361	1896
1897	8730	25561	1897
1898	8788	25428	1898
1899	8388	25254	1899
1900	8427	25260	1900
1901	8800	25348	1901
1904	8463	25415	1904
1905	8539	25393	1905
1907	8774	25627	1907
1908	8616	25662	1908
1909	8321	25344	1909
1910	8531	25626	1910
1911	8402	25264	1911
1914	8654	25409	1914
1915	8469	25201	1915
1916	8817	25376	1916
1917	8471	25372	1917
1919	8714	25584	1919
1922	8375	25262	1922
1931	8712	25523	1931
1934	8813	25618	1934
1935	8628	25639	1935
1947	8327	25373	1947
1961	8558	25556	1961
1966	4294	26484	1966
1967	3188	29395	1967
1968	3395	28583	1968
1969	4115	27824	1969
1971	3424	28252	1971
1972	3210	29364	1972
1974	3402	28596	1974
1976	2984	28728	1976
1977	4522	27598	1977
1978	4392	27628	1978
1979	3201	29366	1979
1980	4286	26474	1980
1981	3858	27219	1981
1983	3238	29436	1983
1987	3986	28950	1987
1989	3318	28508	1989
1990	3924	27126	1990
1991	4226	26744	1991
1995	4243	26478	1995
1997	3357	28486	1997
1998	3991	26392	1998
1999	3248	29848	1999
2001	4209	26106	2001
2002	3384	28465	2002
2003	4017	28064	2003
2006	4271	26539	2006
2007	4947	28633	2007
2008	3424	28515	2008
2011	4279	26492	2011
2013	3357	28527	2013
2014	3406	28372	2014
2015	3986	26396	2015
2016	3411	28377	2016
2024	4306	26400	2024
2025	3913	27170	2025
2026	4211	26839	2026
2027	3185	29388	2027
2028	4427	28047	2028
2029	3259	28623	2029
2030	4295	26477	2030
2032	3202	29367	2032
2033	3391	28591	2033
2040	2946	28661	2040
2041	2962	28715	2041
2042	3123	29212	2042
2043	3740	27042	2043
2045	4261	26444	2045
2049	4244	28255	2049
2050	4573	28192	2050
2051	4442	28593	2051
2053	4222	26819	2053
2057	6014	30560	2057
2058	6189	30057	2058
2059	6114	30586	2059
2060	6417	30621	2060
2061	5891	31065	2061
2062	5749	31353	2062
2063	6206	30153	2063
2064	6055	30653	2064
2065	5682	30469	2065
2066	5493	29936	2066
2067	5987	30623	2067
2068	6299	29582	2068
2069	6906	30746	2069
2070	5257	32125	2070
2071	5754	31855	2071
2072	6076	30521	2072
2073	6574	32071	2073
2075	5991	30632	2075
2077	5270	32068	2077
2079	7262	33398	2079
2080	6904	30738	2080
2081	6131	30584	2081
2082	5719	31948	2082
2083	6002	30562	2083
2084	7264	33403	2084
2085	5711	31930	2085
2087	6048	30582	2087
2089	5555	29667	2089
2091	6399	30634	2091
2096	6126	30109	2096
2100	6815	30446	2100
2101	5777	30283	2101
2105	6035	30485	2105
2112	6046	30482	2112
2115	6179	30136	2115
2116	6011	30577	2116
2118	5668	31243	2118
2119	5895	31028	2119
2120	7110	33222	2120
2121	7954	32603	2121
2122	6391	31617	2122
2123	5908	31076	2123
2124	5991	30605	2124
2125	5740	31417	2125
2126	5787	30172	2126
2128	6378	29269	2128
2130	7233	30780	2130
2131	5778	31875	2131
2132	6056	30584	2132
2133	5935	32565	2133
2134	6030	30730	2134
2135	6030	30643	2135
2136	6468	30173	2136
2137	6000	30659	2137
2138	6014	30655	2138
2141	6394	29995	2141
2143	6073	31951	2143
2144	6113	30535	2144
2145	6003	30604	2145
2148	6085	30380	2148
2149	6172	30158	2149
2150	6321	29607	2150
2151	6857	30727	2151
2152	5285	32044	2152
2153	5765	31911	2153
2154	5730	31913	2154
2156	5783	31407	2156
2158	6000	30681	2158
2159	6621	30387	2159
2169	6030	30539	2169
2174	6033	30218	2174
2175	6195	30144	2175
2176	6903	30732	2176
2177	5755	31940	2177
2178	6010	30567	2178
2179	6023	30538	2179
2186	7264	33392	2186
2188	6898	30730	2188
2191	5730	31929	2191
2193	6238	30114	2193
2197	5561	30616	2197
2200	6219	30803	2200
2203	5884	29265	2203
2204	6464	32851	2204
2205	7426	30780	2205
2207	7636	31000	2207
2209	6577	30558	2209
2211	6121	30603	2211
2214	5757	31391	2214
2217	7450	25139	2217
2218	7363	25107	2218
2219	7365	25108	2219
2220	7543	24959	2220
2221	7081	25253	2221
2222	7430	24946	2222
2223	7430	24943	2223
2224	7400	25071	2224
2225	7177	25304	2225
2226	7447	25136	2226
2227	7109	25156	2227
2228	7692	24962	2228
2229	7539	25086	2229
2230	7325	25156	2230
2232	7233	25139	2232
2233	7331	25001	2233
2234	7332	25001	2234
2235	7522	25025	2235
2236	7521	25028	2236
2237	7546	24957	2237
2238	7358	25161	2238
2242	7261	25160	2242
2243	7102	25211	2243
2244	7191	25131	2244
2245	7345	25128	2245
2251	7400	25072	2251
2252	7207	25292	2252
2260	7659	24961	2260
2261	7538	25083	2261
2267	7395	25126	2267
2268	7319	25108	2268
2269	7187	25292	2269
2272	7468	25001	2272
2278	7372	25125	2278
2279	7519	24990	2279
2280	7315	25003	2280
2281	7572	25025	2281
2282	7086	25211	2282
2283	7145	25103	2283
2284	7089	25210	2284
2285	7508	24981	2285
2286	7275	25312	2286
2287	7267	25246	2287
2288	7416	25020	2288
2289	7572	24991	2289
2290	7230	25333	2290
2292	7299	25357	2292
2293	7272	25187	2293
2294	7546	25073	2294
2295	7402	25195	2295
2297	7404	25146	2297
2298	7231	25227	2298
2299	7550	24974	2299
2300	7570	24995	2300
2301	7189	25331	2301
2304	7383	25000	2304
2305	7305	25272	2305
2306	7445	25102	2306
2307	7450	25081	2307
2308	7195	25281	2308
2309	7685	24964	2309
2311	7175	25181	2311
2314	7541	24965	2314
2315	7345	25130	2315
2316	7469	25110	2316
2317	7206	25117	2317
2318	7433	24939	2318
2320	7521	24935	2320
2323	7053	25232	2323
2324	7375	25090	2324
2325	7407	24976	2325
2326	7407	24977	2326
2327	7287	25262	2327
2328	7320	25159	2328
2330	7228	25133	2330
2333	7057	25264	2333
2334	7064	25164	2334
2335	7183	25061	2335
2336	7325	24980	2336
2337	7545	24914	2337
2338	7324	24977	2338
2340	7246	25088	2340
2354	7153	25087	2354
2355	7496	24919	2355
2356	7188	25066	2356
2357	7373	24987	2357
2358	7296	25010	2358
2359	7394	24994	2359
2363	7109	25233	2363
2368	7209	25117	2368
2371	7282	25200	2371
2373	15694	30884	2373
2374	15644	30812	2374
2375	15670	30886	2375
2376	16556	30502	2376
2377	14506	30999	2377
2378	14623	31684	2378
2379	15733	30874	2379
2381	15841	30867	2381
2383	15686	30869	2383
2386	17014	30385	2386
2395	15564	30670	2395
2396	15670	30778	2396
2398	15688	30855	2398
2399	15715	30876	2399
2400	14520	31003	2400
2401	15898	31512	2401
2411	15728	30870	2411
2414	14526	31001	2414
2415	14838	30312	2415
2416	14475	20667	2416
2417	14477	20589	2417
2418	14295	20742	2418
2419	14350	20567	2419
2420	14524	20640	2420
2421	14360	20525	2421
2422	13464	23264	2422
2423	14573	19827	2423
2424	14639	20578	2424
2425	14710	20517	2425
2426	14245	20434	2426
2427	16052	22648	2427
2428	14415	20732	2428
2429	14383	20553	2429
2430	14350	20661	2430
2431	14419	20770	2431
2432	14533	20541	2432
2433	14530	20230	2433
2434	14571	19806	2434
2435	14466	20653	2435
2436	15804	20224	2436
2437	15452	20126	2437
2438	15031	20982	2438
2439	14173	21088	2439
2440	14484	20681	2440
2441	14542	20764	2441
2442	14665	20830	2442
2443	14894	20363	2443
2444	14644	20490	2444
2445	14335	20806	2445
2446	14655	20489	2446
2448	14193	21114	2448
2449	14450	20492	2449
2451	14448	20708	2451
2452	14707	20528	2452
2453	14287	20522	2453
2454	14277	22011	2454
2456	14457	20748	2456
2459	13459	23248	2459
2461	14417	20688	2461
2465	15210	19604	2465
2471	7828	24054	2471
2474	7920	24130	2474
2477	7776	23985	2477
2478	7796	24334	2478
2486	8067	24076	2486
2488	7828	24420	2488
2489	7846	24370	2489
2493	7898	24326	2493
2497	14781	8218	2497
2498	14698	8258	2498
2499	14288	8787	2499
2501	14753	8132	2501
2502	14672	8205	2502
2503	15724	8262	2503
2504	13380	8965	2504
2505	14544	6694	2505
2506	15464	7738	2506
2507	14470	7165	2507
2508	14684	8232	2508
2520	14736	8282	2520
2522	13053	6625	2522
2523	14719	8167	2523
2524	14665	8184	2524
2525	14688	8232	2525
2526	14810	8408	2526
2527	14688	8203	2527
2528	14628	8915	2528
2529	14507	8060	2529
2530	14982	8627	2530
2531	14357	6017	2531
2532	15469	7713	2532
2533	12955	6871	2533
2534	14541	6619	2534
2536	14712	8134	2536
2541	14697	8128	2541
2542	14542	6615	2542
2544	14703	8250	2544
2545	14994	8482	2545
2546	15703	8281	2546
2555	14652	8172	2555
2556	14238	8755	2556
2557	14784	6645	2557
2559	14995	8483	2559
2560	14609	7858	2560
2561	14702	8160	2561
2562	14554	6655	2562
2564	14678	8235	2564
2568	12818	8711	2568
2571	14457	8169	2571
2579	12462	6845	2579
2583	9526	23407	2583
2584	9167	24288	2584
2585	8738	24131	2585
2586	8867	24307	2586
2587	8789	24299	2587
2588	8798	24309	2588
2589	9149	24678	2589
2590	9605	23343	2590
2591	9301	24688	2591
2592	9503	23344	2592
2593	9395	24657	2593
2594	9511	23174	2594
2595	8987	24642	2595
2597	9162	24331	2597
2598	9010	24491	2598
2599	9206	23835	2599
2600	9416	24601	2600
2601	9072	24335	2601
2602	8866	24395	2602
2603	9553	23548	2603
2604	9182	24217	2604
2605	9538	24546	2605
2606	9340	24606	2606
2607	8905	24426	2607
2609	8783	24254	2609
2610	9616	23367	2610
2611	9274	24600	2611
2612	9559	23335	2612
2613	9527	23506	2613
2614	9459	24606	2614
2615	8954	24321	2615
2616	8947	24302	2616
2617	9406	24606	2617
2618	9507	23161	2618
2619	8916	24487	2619
2620	8914	24490	2620
2622	9099	24356	2622
2623	9071	24531	2623
2624	9038	24596	2624
2629	8850	24248	2629
2632	9547	23347	2632
2635	8841	24532	2635
2642	8993	24589	2642
2644	8882	24326	2644
2651	9749	24723	2651
2653	9480	23259	2653
2659	9210	24504	2659
2660	8905	24606	2660
2661	8941	24746	2661
2666	8968	24437	2666
2670	9144	24593	2670
2671	9476	23305	2671
2673	9215	24110	2673
2674	9475	23405	2674
2675	9143	24218	2675
2691	9409	24525	2691
2692	9484	23507	2692
2693	8839	24032	2693
2694	9480	23315	2694
2695	8853	24447	2695
2696	9410	24543	2696
2698	9568	23335	2698
2719	8862	24616	2719
2736	9514	23170	2736
2742	8965	24626	2742
2743	8836	24322	2743
2745	9500	24418	2745
2747	9587	23301	2747
2751	8821	24233	2751
2755	16901	35181	2755
2756	18695	33747	2756
2757	18378	35024	2757
2758	17113	36070	2758
2759	18087	34687	2759
2760	17494	37174	2760
2761	18888	33326	2761
2766	17460	37094	2766
2767	18634	33698	2767
2768	16583	35533	2768
2769	17098	36012	2769
2770	16831	35128	2770
2771	18369	35043	2771
2772	16945	35205	2772
2773	18100	34626	2773
2774	17330	37669	2774
2775	16800	35096	2775
2776	18380	35013	2776
2779	18671	33713	2779
2780	17114	36103	2780
2786	17139	36046	2786
2794	16855	36292	2794
2795	16823	35123	2795
2800	18667	33746	2800
2802	17133	36042	2802
2803	17344	36450	2803
2804	16836	35135	2804
2807	18660	33734	2807
2812	7294	25333	2812
2813	7097	25438	2813
2814	6784	25715	2814
2815	7354	25308	2815
2816	6713	25791	2816
2817	6979	25551	2817
2818	6630	25775	2818
2819	6702	25746	2819
2820	7100	25817	2820
2821	7055	25499	2821
2822	6868	25613	2822
2823	7190	25640	2823
2825	7387	25744	2825
2826	7248	25424	2826
2827	6802	25715	2827
2828	7093	25378	2828
2829	7407	25666	2829
2830	6810	25652	2830
2831	6536	25798	2831
2832	7108	25517	2832
2833	7374	25260	2833
2834	7055	25538	2834
2835	6694	25769	2835
2837	7200	25535	2837
2840	7053	25551	2840
2845	6606	25766	2845
2846	6926	25602	2846
2849	7349	25229	2849
2852	6970	25581	2852
2853	6945	25590	2853
2865	7006	25841	2865
2874	6784	25720	2874
2876	6984	25706	2876
2877	6669	25794	2877
2879	7238	25332	2879
2880	6775	25822	2880
2882	7037	25458	2882
2884	6802	25805	2884
2885	6748	25838	2885
2886	6748	25835	2886
2889	7223	25336	2889
2890	6593	25737	2890
2891	7295	25341	2891
2892	7198	25624	2892
2893	6782	25736	2893
2894	7423	25512	2894
2895	7270	25515	2895
2896	7135	25757	2896
2898	6828	25638	2898
2899	7032	25838	2899
2900	7284	25795	2900
2901	7065	25853	2901
2902	7003	25587	2902
2903	7062	25688	2903
2904	7051	25556	2904
2905	6586	25860	2905
2912	7206	25366	2912
2916	7393	25261	2916
2918	7039	25452	2918
2920	7278	25722	2920
2922	7394	25487	2922
2926	7298	25413	2926
2927	6547	25726	2927
2928	6702	25670	2928
2929	6939	25527	2929
2931	7016	25436	2931
2936	7261	25297	2936
2940	7329	25783	2940
2947	7352	25346	2947
2948	6832	25604	2948
2949	6611	25708	2949
2950	6543	25727	2950
2951	6682	25681	2951
2952	6768	25640	2952
2953	7068	25352	2953
2954	6957	25499	2954
2955	7074	25416	2955
2957	6766	25827	2957
2963	7428	25610	2963
2977	6898	25614	2977
2978	7885	26541	2978
2979	7835	26689	2979
2980	7833	26704	2980
2981	7727	26589	2981
2982	7703	26634	2982
2983	7787	26457	2983
2984	7541	26466	2984
2985	7791	26565	2985
2986	7875	26303	2986
2987	7833	26712	2987
2988	7859	26670	2988
2989	7480	26309	2989
2990	7709	26779	2990
2991	7778	26496	2991
2992	7625	26803	2992
2993	7616	26549	2993
2995	7643	26418	2995
2996	7623	26463	2996
2997	7835	26745	2997
2999	7490	26512	2999
3000	7788	26579	3000
3003	7526	26668	3003
3004	7809	26481	3004
3005	7413	26452	3005
3006	7975	26617	3006
3007	7916	26836	3007
3008	7712	26661	3008
3009	7337	26386	3009
3010	7616	26384	3010
3011	7474	26435	3011
3012	7840	26678	3012
3013	7761	26435	3013
3014	7652	26755	3014
3015	7855	26264	3015
3016	7619	26580	3016
3017	7483	26437	3017
3018	7622	26504	3018
3020	7925	26629	3020
3021	7629	26457	3021
3023	7814	26701	3023
3027	7608	26551	3027
3028	7633	26546	3028
3033	7979	26573	3033
3037	7961	26812	3037
3041	7581	26852	3041
3042	7911	26517	3042
3043	7655	26619	3043
3044	7566	26571	3044
3051	7700	26309	3051
3054	7835	26310	3054
3061	7663	26426	3061
3069	7863	26388	3069
3071	7639	26536	3071
3072	7787	26487	3072
3073	8124	26814	3073
3074	7944	26599	3074
3078	7910	26478	3078
3086	7959	26590	3086
3087	7984	26631	3087
3092	7349	26376	3092
3093	7586	26564	3093
3094	7384	26424	3094
3096	7715	26655	3096
3097	7946	26449	3097
3098	7812	26319	3098
3100	7683	26381	3100
3101	7910	26518	3101
3103	7660	26715	3103
3107	7535	26469	3107
3110	7577	26689	3110
3111	7535	26464	3111
3117	7667	26675	3117
3133	7702	26483	3133
3143	7640	26536	3143
3149	7751	26623	3149
3154	7835	26611	3154
3160	7829	26707	3160
3161	7788	26471	3161
3165	7812	26710	3165
3168	7833	26518	3168
3170	7789	26337	3170
3176	7820	26487	3176
3182	7638	26496	3182
3183	7779	26279	3183
3185	7787	26664	3185
3192	7878	26574	3192
3201	5618	33329	3201
3202	5864	34239	3202
3203	5936	32775	3203
3204	5936	32760	3204
3205	5862	34131	3205
3206	4778	32654	3206
3207	5801	34101	3207
3208	5790	34184	3208
3209	5146	33449	3209
3210	6243	34420	3210
3211	5949	32521	3211
3212	5549	33348	3212
3213	5552	33344	3213
3214	5619	33390	3214
3215	5952	32785	3215
3216	5614	33537	3216
3217	5904	32539	3217
3218	5805	34273	3218
3219	5871	34105	3219
3220	6095	33880	3220
3221	6026	33177	3221
3222	5033	33035	3222
3223	6646	34736	3223
3224	5226	34236	3224
3225	5800	34107	3225
3226	5183	33477	3226
3227	5756	34308	3227
3229	5911	32743	3229
3230	5084	33538	3230
3231	5133	33544	3231
3233	5597	33433	3233
3235	4734	32648	3235
3237	6254	34444	3237
3238	5663	33498	3238
3239	5872	32758	3239
3240	5794	34274	3240
3247	4969	34494	3247
3249	5680	33583	3249
3254	5888	33712	3254
3255	5630	33441	3255
3256	5902	32794	3256
3262	6632	34781	3262
3271	5833	34192	3271
3275	6562	32048	3275
3276	4767	32648	3276
3277	5968	32510	3277
3278	5636	33285	3278
3279	4819	33032	3279
3280	5857	34235	3280
3281	5798	34214	3281
3282	5822	34246	3282
3285	5932	32542	3285
3286	5855	34350	3286
3287	5856	34351	3287
3288	5144	33597	3288
3289	6009	32831	3289
3290	5742	33579	3290
3291	6621	34801	3291
3292	5786	34037	3292
3293	5931	32862	3293
3295	5857	34040	3295
3296	5603	33621	3296
3297	6058	34320	3297
3298	5138	33559	3298
3299	5589	33304	3299
3300	4733	32635	3300
3302	5945	32546	3302
3303	5916	32803	3303
3305	5075	32968	3305
3306	5879	32902	3306
3307	5876	32903	3307
3308	5356	34303	3308
3309	5593	33637	3309
3310	5870	34212	3310
3314	5972	32520	3314
3325	6023	33144	3325
3326	5710	34336	3326
3328	5125	33534	3328
3329	5940	32585	3329
3334	5222	33524	3334
3335	5697	33579	3335
3336	5905	32585	3336
3339	5895	32792	3339
3346	5912	32598	3346
3347	5801	34211	3347
3349	6023	33183	3349
3350	4840	33161	3350
3353	5973	35156	3353
3357	5932	32625	3357
3369	18347	17380	3369
3370	15365	18667	3370
3371	17200	19431	3371
3372	16485	16692	3372
3373	15530	18238	3373
3374	18673	19648	3374
3375	17731	20419	3375
3376	14569	18429	3376
3377	16550	18824	3377
3378	18339	17373	3378
3379	18708	19679	3379
3380	18299	17366	3380
3384	16780	20436	3384
3386	15382	17545	3386
3391	14349	17971	3391
3392	16465	16698	3392
3393	18288	17353	3393
3394	16110	18146	3394
3395	18251	17156	3395
3396	15365	18669	3396
3397	17192	19449	3397
3398	15523	18268	3398
3399	17362	18842	3399
3400	16873	17327	3400
3401	17904	20323	3401
3402	18683	19815	3402
3403	14443	17961	3403
3404	16484	16767	3404
3407	18297	17354	3407
3408	15395	18650	3408
3409	17202	19442	3409
3410	16780	20444	3410
3411	15544	18207	3411
3412	16874	17189	3412
3413	18665	19741	3413
3414	16541	18850	3414
3415	16488	16685	3415
3423	18289	17347	3423
3424	15538	18240	3424
3425	17737	20400	3425
3426	18665	19748	3426
3427	16484	16692	3427
3428	17006	18844	3428
3429	18295	17357	3429
3440	16488	16690	3440
3442	10889	22174	3442
3443	10205	22575	3443
3444	10098	22495	3444
3445	11539	21734	3445
3446	10886	22124	3446
3447	10091	22119	3447
3448	10093	23497	3448
3449	10080	22558	3449
3451	10480	22356	3451
3453	11318	23345	3453
3454	11882	21290	3454
3455	10229	23104	3455
3456	10882	23502	3456
3457	10102	22560	3457
3458	10496	22436	3458
3459	11056	21457	3459
3461	10496	22439	3461
3462	10881	22129	3462
3464	11513	21751	3464
3466	10228	23102	3466
3467	10876	23497	3467
3469	11554	21677	3469
3471	4262	19650	3471
3472	4564	20150	3472
3474	4804	18700	3474
3475	4982	20581	3475
3476	4910	20765	3476
3478	5409	21390	3478
3479	4602	18303	3479
3480	5075	20974	3480
3481	5453	20683	3481
3482	6000	19853	3482
3483	3843	18846	3483
3484	5481	19835	3484
3485	5688	20177	3485
3486	5530	20036	3486
3487	4982	20891	3487
3488	5552	18912	3488
3489	5042	20894	3489
3490	22896	16239	3490
3491	22975	16314	3491
3492	22996	16333	3492
3494	22205	16751	3494
3495	24668	12312	3495
3496	23986	15288	3496
3497	27509	11665	3497
3499	22149	14569	3499
3500	23373	15808	3500
3501	27510	11667	3501
3502	22911	16356	3502
3503	22974	16322	3503
3507	22989	16370	3507
3510	22893	16278	3510
3520	23305	16170	3520
3521	22906	16189	3521
3522	23790	15371	3522
3523	23006	16290	3523
3526	22976	16356	3526
3527	22142	16683	3527
3528	24729	12339	3528
3529	23981	15160	3529
3530	27405	11685	3530
3531	22186	14658	3531
3533	22293	16756	3533
3534	24672	12283	3534
3535	23892	15081	3535
3536	22978	16365	3536
3537	22892	16352	3537
3538	22790	15805	3538
3549	22297	16780	3549
3550	23995	15146	3550
3557	24667	12282	3557
3558	23886	15254	3558
3561	22966	16374	3561
3564	23288	16504	3564
3565	23895	15006	3565
3569	17853	42403	3569
3570	17958	41728	3570
3571	15801	39235	3571
3572	17689	38050	3572
3573	19228	41422	3573
3574	18273	37603	3574
3575	15825	39971	3575
3578	17684	38012	3578
3579	18721	42528	3579
3581	18085	37767	3581
3583	15785	39951	3583
3585	17706	38025	3585
3586	19416	41245	3586
3588	16220	38491	3588
3589	17692	38068	3589
3593	17829	42389	3593
3594	16206	38516	3594
3596	17700	38035	3596
3605	16180	33297	3605
3607	17146	34027	3607
3608	16207	32291	3608
3609	15506	32478	3609
3610	16943	32892	3610
3612	16304	33681	3612
3614	17042	33112	3614
3615	16640	33662	3615
3619	15955	34516	3619
3620	16920	32898	3620
3622	16694	32976	3622
3624	16736	32939	3624
3629	16735	32939	3629
3633	16766	32699	3633
3634	17897	33794	3634
3641	16886	32826	3641
3643	16825	32911	3643
3644	16750	32664	3644
3645	17438	32489	3645
3646	13552	34112	3646
3647	15881	31468	3647
3648	15535	33234	3648
3652	16762	32652	3652
3654	17707	32732	3654
3657	17010	32779	3657
3658	17042	32317	3658
3660	15539	33197	3660
3664	15539	33267	3664
3667	16390	34273	3667
3674	17863	32381	3674
3682	16182	32320	3682
3685	17533	32409	3685
3693	16759	32918	3693
3695	18431	32326	3695
3696	17116	33768	3696
3697	15386	34161	3697
3699	14858	33712	3699
3702	16548	34282	3702
3703	15296	32414	3703
3704	15300	32420	3704
3706	15400	32723	3706
3709	16851	32942	3709
3712	16741	32907	3712
3715	16345	35071	3715
3716	14549	32875	3716
3723	4400	10525	3723
3724	4861	9755	3724
3725	4652	9845	3725
3726	4709	10000	3726
3727	4690	10591	3727
3728	5044	10040	3728
3729	4829	9766	3729
3730	4879	9659	3730
3731	4746	9813	3731
3732	4675	10230	3732
3733	4740	9730	3733
3734	4867	9755	3734
3735	4777	9901	3735
3736	4846	9753	3736
3739	4862	9619	3739
3740	4868	9611	3740
3748	4759	10083	3748
3754	4690	9833	3754
3756	4656	9986	3756
3758	4692	10121	3758
3759	4740	9890	3759
3760	4780	9964	3760
3762	4611	9788	3762
3764	4738	9801	3764
3765	4790	9962	3765
3766	4732	9887	3766
3767	4757	9927	3767
3768	4801	9761	3768
3769	4704	9885	3769
3770	4594	10107	3770
3772	4681	9765	3772
3773	4747	9822	3773
3779	4674	9914	3779
3780	4637	9848	3780
3782	4462	10518	3782
3783	4678	10489	3783
3784	4429	10498	3784
3798	4645	10062	3798
3803	4640	9756	3803
3804	4614	9835	3804
3809	4643	9901	3809
3811	4686	9902	3811
3813	4786	9965	3813
3819	4656	10069	3819
3820	6324	37426	3820
3821	6434	37481	3821
3822	3379	34524	3822
3823	7686	36937	3823
3824	7261	36978	3824
3825	6904	35177	3825
3826	7113	35753	3826
3827	5244	35218	3827
3828	7261	36838	3828
3829	7575	36453	3829
3830	6083	35639	3830
3831	6366	37485	3831
3832	6298	37467	3832
3833	7171	37512	3833
3834	3661	35037	3834
3835	6480	37428	3835
3837	6349	37377	3837
3842	3472	33738	3842
3843	7910	37434	3843
3847	6336	37330	3847
3849	5750	39352	3849
3852	7222	36890	3852
3853	6361	36487	3853
3854	6658	40391	3854
3856	7279	37482	3856
3859	6343	37337	3859
3862	4751	38143	3862
3863	6365	37517	3863
3867	3173	35308	3867
3868	3827	36205	3868
3869	6399	37172	3869
3871	7221	36873	3871
3874	6359	37552	3874
3876	7134	37573	3876
3877	5991	37469	3877
3878	5972	35859	3878
3879	6572	37266	3879
3881	6368	37407	3881
3883	6299	37406	3883
3884	6413	37390	3884
3885	7183	36889	3885
3886	6371	37476	3886
3889	7235	35538	3889
3890	6646	40367	3890
3891	7275	37014	3891
3893	6034	37435	3893
3894	6294	37332	3894
3895	3737	35302	3895
3901	7118	35731	3901
3903	7231	36890	3903
3904	6067	35677	3904
3905	6284	37477	3905
3908	7216	37484	3908
3909	6383	37187	3909
3910	3605	35046	3910
3911	7607	36473	3911
3912	3760	35073	3912
3923	6307	37405	3923
3931	6324	37140	3931
3932	6639	38503	3932
3933	6668	40394	3933
3934	3833	35345	3934
3935	6398	37537	3935
3939	7196	36860	3939
3941	7127	35724	3941
3943	7255	36963	3943
3944	6083	35719	3944
3945	7188	37461	3945
3946	3617	35048	3946
3962	7221	36822	3962
3965	6331	37478	3965
3967	6058	35678	3967
3973	13211	1499	3973
3974	12771	2709	3974
3975	14678	3809	3975
3976	12128	4591	3976
3977	16685	2483	3977
3978	16700	2475	3978
3979	12800	2788	3979
3982	10767	2296	3982
3985	11985	4545	3985
3987	14731	2055	3987
3989	16718	2447	3989
3990	12772	2788	3990
3992	13132	1601	3992
3993	12791	2687	3993
3994	14835	4134	3994
3995	12133	4562	3995
3996	16669	2972	3996
3997	16919	822	3997
3998	12789	2759	3998
3999	14680	3817	3999
4001	16743	946	4001
4009	12799	2785	4009
4010	14675	3797	4010
4011	16713	2440	4011
4014	11803	3767	4014
4015	12790	5375	4015
4017	12790	2752	4017
4020	16716	2446	4020
4022	8148	25802	4022
4023	8046	25706	4023
4024	8032	25812	4024
4025	7864	25966	4025
4026	8144	25703	4026
4027	7910	25673	4027
4028	8089	25823	4028
4030	7923	25858	4030
4031	8215	25703	4031
4032	7977	26045	4032
4033	8037	26261	4033
4034	8035	25852	4034
4035	8142	25900	4035
4036	7848	25899	4036
4037	8074	25930	4037
4038	8075	26211	4038
4041	7975	26151	4041
4042	8103	26108	4042
4043	8078	25814	4043
4044	7919	25698	4044
4045	8082	26037	4045
4047	7853	26045	4047
4048	7853	26041	4048
4050	8044	25705	4050
4052	8144	25661	4052
4053	7875	25970	4053
4057	8015	25810	4057
4059	7861	25811	4059
4062	8112	25730	4062
4063	7931	26057	4063
4074	7944	25971	4074
4081	7875	26158	4081
4084	7964	25626	4084
4087	3513	28801	4087
4089	7959	25833	4089
4090	8105	26162	4090
4092	7978	26053	4092
4093	8106	26156	4093
4094	8081	25916	4094
4096	8103	26179	4096
4097	7981	25740	4097
4098	8085	25898	4098
4099	8091	25963	4099
4100	8147	25652	4100
4103	7889	25794	4103
4104	7900	25718	4104
4105	7866	26080	4105
4106	8085	25741	4106
4107	8119	25526	4107
4108	7962	25734	4108
4109	7897	26226	4109
4112	7995	25800	4112
4114	8092	25987	4114
4116	8181	25694	4116
4119	8040	25845	4119
4121	8142	25901	4121
4122	8109	25720	4122
4125	8141	26152	4125
4138	7940	26200	4138
4144	8016	25798	4144
4145	8073	25825	4145
4155	8022	25639	4155
4156	7979	25721	4156
4157	7887	26076	4157
4161	7836	26048	4161
4164	8207	25749	4164
4165	8140	26002	4165
4167	7957	26130	4167
4174	9005	25137	4174
4175	8792	25426	4175
4176	9893	25684	4176
4178	9102	25142	4178
4179	9044	25115	4179
4180	9086	25141	4180
4182	8895	25429	4182
4183	9052	25331	4183
4184	8935	25036	4184
4185	9929	25703	4185
4186	9123	25348	4186
4187	9166	25143	4187
4188	9029	25052	4188
4191	9497	25777	4191
4193	9421	25624	4193
4194	9001	25376	4194
4195	9221	25438	4195
4196	8993	25222	4196
4197	9946	25757	4197
4198	8920	25371	4198
4199	9065	25336	4199
4201	9114	25108	4201
4202	8831	25293	4202
4204	9076	25557	4204
4206	8988	24905	4206
4207	8869	25020	4207
4208	8986	25236	4208
4209	9928	25729	4209
4211	8949	25047	4211
4212	9036	25100	4212
4216	9004	25279	4216
4221	9102	25235	4221
4228	8907	25240	4228
4230	9915	25730	4230
4233	9372	25435	4233
4234	9359	25057	4234
4245	8904	25440	4245
4250	9630	25487	4250
4251	10008	26020	4251
4252	9116	25076	4252
4253	9058	25508	4253
4256	9254	25118	4256
4258	9947	25706	4258
4265	8914	25161	4265
4273	9139	25125	4273
4274	9252	25156	4274
4277	9148	25455	4277
4280	9028	25139	4280
4281	8964	24937	4281
4295	8975	24986	4295
4296	9216	25472	4296
4297	9170	25115	4297
4299	8979	25388	4299
4306	9646	25645	4306
4309	9453	25195	4309
4313	18238	36148	4313
4314	18192	36284	4314
4315	18212	36359	4315
4316	18257	36146	4316
4317	18234	36170	4317
4319	18334	35931	4319
4320	17936	36680	4320
4323	18275	36212	4323
4325	18192	36247	4325
4328	18392	37359	4328
4329	18355	36062	4329
4333	18262	36328	4333
4334	7577	25982	4334
4337	18361	36112	4337
4338	18498	35777	4338
4339	18078	36525	4339
4340	18274	36072	4340
4343	18233	36355	4343
4344	18288	36357	4344
4345	18196	36420	4345
4346	18366	36386	4346
4353	18283	37068	4353
4354	18448	35809	4354
4358	18319	36092	4358
4361	18298	36358	4361
4362	18152	36374	4362
4363	18272	36307	4363
4371	18180	36339	4371
4377	7747	23082	4377
4378	7902	23234	4378
4379	7635	23040	4379
4380	7913	23212	4380
4382	7697	23410	4382
4383	7610	22971	4383
4384	7742	22688	4384
4385	7774	23375	4385
4386	7765	23302	4386
4387	7769	23478	4387
4392	7694	23439	4392
4394	7981	23064	4394
4395	7690	23044	4395
4396	7825	23166	4396
4397	7747	22626	4397
4400	7555	23426	4400
4403	7568	23001	4403
4404	7690	23132	4404
4405	7600	23377	4405
4408	7599	22741	4408
4416	7782	23319	4416
4458	7731	23084	4458
4462	7372	23030	4462
4463	7756	23340	4463
4464	7770	23373	4464
4465	7510	22951	4465
4468	7568	22906	4468
4473	14607	20760	4473
4476	15289	22026	4476
4477	13945	19928	4477
4478	13499	23260	4478
4479	14261	20455	4479
4483	14348	21556	4483
4486	13927	20661	4486
4487	13016	22434	4487
4490	12865	22180	4490
4492	14221	20719	4492
4493	14428	20892	4493
4504	14378	20560	4504
4505	14398	20707	4505
4506	14150	21167	4506
4507	14169	20728	4507
4508	14508	20944	4508
4510	14457	20608	4510
4512	14360	20590	4512
4513	14359	20590	4513
4514	15229	20973	4514
4515	15469	21011	4515
4517	14754	20508	4517
4518	14486	20908	4518
4519	14348	20628	4519
4520	14423	20701	4520
4523	14327	20506	4523
4524	14369	20836	4524
4525	14434	20672	4525
4527	14438	20673	4527
4529	14492	20706	4529
4530	14251	21997	4530
4531	13832	20213	4531
4532	14717	20929	4532
4533	14683	20365	4533
4534	16059	22638	4534
4535	13569	23219	4535
4536	14566	19772	4536
4537	14713	20618	4537
4538	14344	20667	4538
4539	15805	20251	4539
4540	14316	20522	4540
4548	14474	20775	4548
4549	14717	20938	4549
4550	14414	20700	4550
4551	14715	20521	4551
4552	16054	22640	4552
4554	13471	23262	4554
4555	14237	20442	4555
4556	13983	19932	4556
4557	14571	19816	4557
4558	14537	20643	4558
4559	14393	20699	4559
4560	14186	21119	4560
4561	14629	20848	4561
4562	14433	20873	4562
4563	14384	20647	4563
4564	13633	20316	4564
4579	14369	20830	4579
4585	13779	22019	4585
4586	14453	21026	4586
4592	14712	20524	4592
4595	14269	20712	4595
4598	14616	20534	4598
4602	14471	20657	4602
4603	14474	20766	4603
4604	14339	20811	4604
4605	16047	22639	4605
4606	14375	20555	4606
4607	15288	22023	4607
4608	13461	23271	4608
4609	14241	20440	4609
4610	14523	20559	4610
4611	14569	19794	4611
4613	15798	20222	4613
4614	14654	20837	4614
4622	14503	20733	4622
4624	14077	20389	4624
4631	13475	23262	4631
4632	14232	20480	4632
4634	14043	22518	4634
4635	14827	19414	4635
4636	14053	20149	4636
4637	13935	19950	4637
4641	14598	19795	4641
4643	14356	20656	4643
4646	14351	20575	4646
4647	14250	20712	4647
4656	7956	25257	4656
4657	7908	25303	4657
4658	7799	25511	4658
4659	8189	25506	4659
4660	8050	25344	4660
4661	8179	25522	4661
4662	8095	25215	4662
4663	8052	25292	4663
4664	8028	25338	4664
4665	8132	25407	4665
4666	8075	25200	4666
4667	8179	25230	4667
4668	7913	25456	4668
4669	8109	25598	4669
4670	8266	25350	4670
4671	8205	25366	4671
4672	7962	25291	4672
4673	8116	25468	4673
4674	7875	25559	4674
4675	7973	25374	4675
4676	8067	25529	4676
4677	7882	25410	4677
4678	8076	25195	4678
4679	8194	25514	4679
4680	8212	25557	4680
4681	8259	25509	4681
4682	7939	25516	4682
4683	8198	25445	4683
4684	7875	25357	4684
4685	8082	25323	4685
4686	8079	25127	4686
4688	8029	25306	4688
4689	8184	25283	4689
4690	8072	25284	4690
4694	8204	25426	4694
4698	7859	25453	4698
4699	8016	25309	4699
4701	7821	25522	4701
4710	7961	25576	4710
4711	8124	25406	4711
4712	7806	25380	4712
4714	8020	25169	4714
4716	7974	25433	4716
4720	7874	25522	4720
4722	7983	25512	4722
4723	8200	25491	4723
4724	7896	25326	4724
4729	7767	25492	4729
4733	8132	25349	4733
4742	7965	25430	4742
4743	8263	25266	4743
4744	8006	25210	4744
4745	7970	25236	4745
4751	8250	25567	4751
4753	7820	25488	4753
4754	8011	25348	4754
4758	8079	25176	4758
4760	8255	25571	4760
4765	8316	25441	4765
4766	8281	25282	4766
4767	8280	25331	4767
4770	8126	25232	4770
4771	7943	25247	4771
4773	7961	25245	4773
4774	8030	25433	4774
4779	7809	25512	4779
4781	7869	25561	4781
4782	7966	25376	4782
4784	8084	25114	4784
4785	8104	25317	4785
4786	8048	25223	4786
4787	8201	25454	4787
4795	8061	25210	4795
4800	7981	25209	4800
4822	8326	25479	4822
4829	8048	25216	4829
4831	8251	25342	4831
4833	8204	25468	4833
4838	5344	22712	4838
4839	5367	22941	4839
4842	5371	22951	4842
4843	5278	22686	4843
4847	5431	23006	4847
4848	5398	22891	4848
4849	5363	22747	4849
4850	5285	22615	4850
4854	8224	24016	4854
4855	8712	24131	4855
4856	8361	23775	4856
4857	8416	23644	4857
4858	8280	23805	4858
4859	8448	23761	4859
4860	8369	23666	4860
4861	8702	23644	4861
4862	8349	24026	4862
4863	8527	23819	4863
4864	8647	23912	4864
4868	8696	23995	4868
4870	8604	23659	4870
4871	8750	23749	4871
4873	8310	23884	4873
4874	8202	23871	4874
4875	8314	23955	4875
4876	8560	23707	4876
4877	8720	24089	4877
4878	8786	23560	4878
4879	8208	23873	4879
4880	8619	24023	4880
4881	8375	23865	4881
4884	8298	24060	4884
4888	8217	23943	4888
4889	8249	23595	4889
4890	8355	23583	4890
4894	8528	23644	4894
4907	8360	23648	4907
4908	8259	23899	4908
4909	8686	24001	4909
4910	8525	23890	4910
4912	8577	23680	4912
4913	8637	23839	4913
4914	8518	23801	4914
4916	8800	23644	4916
4918	8788	24303	4918
4920	8797	23646	4920
4921	8536	23779	4921
4922	8754	23736	4922
4923	8829	23602	4923
4925	8317	23966	4925
4927	8277	24000	4927
4928	8484	23788	4928
4929	8631	23829	4929
4930	8293	24010	4930
4931	8782	23805	4931
4933	8323	23973	4933
4934	8170	23902	4934
4935	8891	23763	4935
4937	8558	23963	4937
4941	8377	23687	4941
4942	8702	23993	4942
4943	8281	24025	4943
4944	8611	23658	4944
4945	8324	23944	4945
4947	8373	23673	4947
4949	8533	23803	4949
4952	8361	23978	4952
4953	8632	23820	4953
4955	8330	23837	4955
4959	8253	23892	4959
4960	8289	23971	4960
4961	8601	23886	4961
4963	8871	23665	4963
4966	8505	23915	4966
4968	8520	23790	4968
4969	8376	23840	4969
4970	8245	23794	4970
4974	8416	23649	4974
4975	8816	23599	4975
4983	8630	23823	4983
4984	8526	23846	4984
4985	8333	23956	4985
4996	8289	24053	4996
4997	8786	23582	4997
5002	21167	12939	5002
5005	16817	12922	5005
5006	21939	12138	5006
5008	19128	12470	5008
5009	17433	15150	5009
5011	19887	14045	5011
5013	18573	14362	5013
5014	17380	15154	5014
5015	19095	12454	5015
5018	16811	12913	5018
5024	18105	12184	5024
5026	17407	15100	5026
5027	16765	12919	5027
5028	18563	14365	5028
5029	17404	15131	5029
5030	16833	12980	5030
5032	18547	14372	5032
5033	21161	12927	5033
5034	19134	12466	5034
5035	17522	14996	5035
5037	16715	12956	5037
5038	23133	11208	5038
5039	21949	12077	5039
5040	18573	14378	5040
5041	18553	14335	5041
5046	21175	12954	5046
5047	19125	12515	5047
5048	17406	15099	5048
5049	20705	13642	5049
5050	16764	12920	5050
5051	16716	12961	5051
5060	16673	13037	5060
5061	19115	12517	5061
5062	19130	12466	5062
5066	21943	12131	5066
5067	21177	12973	5067
5068	19113	12512	5068
5069	17398	15101	5069
5070	16750	12919	5070
5071	21984	12101	5071
5072	18108	12157	5072
5073	18563	14371	5073
5077	17441	15135	5077
5078	20709	13641	5078
5079	16720	12954	5079
5080	23142	11212	5080
5084	18586	14360	5084
5086	17797	22711	5086
5087	15480	23806	5087
5088	18185	23573	5088
5089	18140	23523	5089
5090	16620	24850	5090
5091	19285	21240	5091
5093	17168	25800	5093
5094	17406	22247	5094
5095	17179	25308	5095
5096	16826	23238	5096
5097	15486	25042	5097
5098	16311	24935	5098
5099	17521	24677	5099
5100	14678	23145	5100
5101	18299	23441	5101
5102	17423	22533	5102
5104	18138	23519	5104
5105	17117	25361	5105
5106	17523	24677	5106
5109	18217	23398	5109
5114	17071	25247	5114
5117	17426	22534	5117
5118	17475	24704	5118
5119	15463	23806	5119
5125	17685	24354	5125
5136	17815	25332	5136
5139	17144	25277	5139
5140	17655	24319	5140
5141	17372	22214	5141
5142	17124	23458	5142
5143	18234	23497	5143
5145	17109	25352	5145
5147	17456	21881	5147
5149	18166	23507	5149
5150	18237	23493	5150
5151	18196	23441	5151
5152	17198	22635	5152
5153	16899	23161	5153
5154	17064	25246	5154
5155	16987	24873	5155
5156	17534	22004	5156
5157	16637	22932	5157
5158	15506	25116	5158
5163	18155	23518	5163
5164	15479	23810	5164
5165	19273	21248	5165
5168	17371	22162	5168
5169	16858	23197	5169
5170	15465	25086	5170
5171	16330	24928	5171
5172	17474	24719	5172
5193	15845	25496	5193
5194	18176	23993	5194
5200	17106	25281	5200
5201	17395	22233	5201
5203	15463	25081	5203
5204	16318	24910	5204
5205	17530	24690	5205
5214	18162	23889	5214
5219	17290	25037	5219
5220	17091	25274	5220
5222	17120	23672	5222
5223	16849	23187	5223
5225	16328	24923	5225
5227	17207	21588	5227
5235	5835	28836	5235
5236	6604	27760	5236
5237	7440	28021	5237
5239	6753	27204	5239
5240	6393	29314	5240
5242	7456	27781	5242
5243	6140	28644	5243
5244	6433	29067	5244
5245	7314	28187	5245
5246	6771	27220	5246
5247	5861	27957	5247
5248	5391	28362	5248
5250	6494	28435	5250
5251	6639	27503	5251
5252	6685	27268	5252
5254	7026	27502	5254
5255	7430	27677	5255
5256	6605	27757	5256
5258	6395	29312	5258
5261	6585	27929	5261
5262	7378	27943	5262
5264	6569	27984	5264
5265	6414	29296	5265
5266	6735	27232	5266
5271	6116	27566	5271
5279	6594	27625	5279
5280	5421	28426	5280
5282	6780	28628	5282
5287	6920	28069	5287
5288	6194	27811	5288
5290	6473	28762	5290
5293	6135	28637	5293
5294	6129	28633	5294
5295	7021	27406	5295
5296	5402	28375	5296
5297	5874	29256	5297
5298	6766	27454	5298
5300	6852	29103	5300
5301	6904	27943	5301
5302	7326	27981	5302
5305	6709	27519	5305
5306	6379	29271	5306
5308	6768	28551	5308
5309	6539	27898	5309
5311	6752	27209	5311
5312	6633	27745	5312
5313	6669	27288	5313
5314	7411	27654	5314
5315	7102	27509	5315
5316	7515	27745	5316
5317	6352	29008	5317
5318	6893	27300	5318
5319	6568	28040	5319
5322	5794	27911	5322
5323	5423	28385	5323
5324	6558	27898	5324
5340	6601	27699	5340
5341	6656	27252	5341
5342	5392	28352	5342
5343	5381	28467	5343
5346	7280	28324	5346
5348	5411	28399	5348
5355	7424	27674	5355
5373	6480	27916	5373
5376	7008	27466	5376
5378	6509	28735	5378
5381	5638	28834	5381
5382	6324	26764	5382
5383	6269	26872	5383
5384	6826	27179	5384
5385	6499	26647	5385
5386	6833	27129	5386
5387	6661	26499	5387
5388	7194	26585	5388
5389	6728	27125	5389
5390	6710	26995	5390
5391	6575	26891	5391
5392	6572	26892	5392
5393	6776	26553	5393
5394	6481	26755	5394
5397	7086	26511	5397
5398	6281	26969	5398
5399	6295	26701	5399
5401	6061	26815	5401
5403	6990	26615	5403
5404	6384	26626	5404
5405	7054	26832	5405
5407	6896	26788	5407
5408	7075	26729	5408
5409	5779	26370	5409
5410	7118	26446	5410
5411	7020	26457	5411
5412	6820	26552	5412
5413	5701	27318	5413
5414	7119	26624	5414
5415	6627	26739	5415
5416	6765	26963	5416
5417	5736	27252	5417
5418	5686	26880	5418
5419	6819	27191	5419
5420	7129	26558	5420
5421	6820	26957	5421
5427	6119	26392	5427
5431	6374	26718	5431
5435	6194	26758	5435
5436	7046	26515	5436
5437	6862	26490	5437
5441	7212	26495	5441
5442	6725	26736	5442
5457	6465	26665	5457
5459	7064	26645	5459
5471	17372	30368	5471
5472	19433	27863	5472
5473	18012	30277	5473
5474	18080	27579	5474
5475	18897	31021	5475
5476	19301	29185	5476
5477	19297	29180	5477
5478	18409	27917	5478
5479	18032	31081	5479
5480	19464	28948	5480
5481	19541	28933	5481
5482	18541	29139	5482
5483	19014	27722	5483
5484	18684	26285	5484
5485	18411	27645	5485
5486	18440	27684	5486
5487	19020	25660	5487
5489	17993	30257	5489
5490	18695	26980	5490
5491	18051	27598	5491
5492	18927	30974	5492
5493	18889	31066	5493
5494	19480	28363	5494
5495	19646	28460	5495
5496	18955	31089	5496
5497	19487	28908	5497
5498	18637	26236	5498
5499	18430	27659	5499
5501	18954	31034	5501
5503	19476	28915	5503
5505	19467	28942	5505
5507	18419	27652	5507
5508	19489	28931	5508
5509	18679	26267	5509
5511	18422	27654	5511
5512	19457	27866	5512
5513	18919	30978	5513
5515	18783	31978	5515
5516	18101	28651	5516
5518	18734	26866	5518
5519	18646	27349	5519
5521	18543	29128	5521
5523	18442	27597	5523
5524	18782	25456	5524
5533	18000	30266	5533
5537	19437	26404	5537
5541	7646	25966	5541
5542	7480	25619	5542
5543	7585	26025	5543
5544	7767	26085	5544
5546	7664	25972	5546
5547	7513	26113	5547
5548	7817	25682	5548
5550	7528	25833	5550
5551	7677	25694	5551
5552	7464	25697	5552
5553	7764	25811	5553
5554	7471	26212	5554
5555	7669	25832	5555
5556	7546	25700	5556
5557	7532	25556	5557
5558	7826	25872	5558
5559	7623	25532	5559
5560	7446	26132	5560
5561	7437	25975	5561
5562	7641	25582	5562
5563	7407	26197	5563
5565	7517	25834	5565
5566	7725	26137	5566
5567	7638	25616	5567
5568	7588	25986	5568
5570	7767	25820	5570
5571	7799	25945	5571
5572	7743	25599	5572
5573	7462	25518	5573
5576	7443	25621	5576
5577	7784	25655	5577
5583	7659	25555	5583
5589	7542	25888	5589
5592	7496	25758	5592
5594	7783	25960	5594
5595	7776	25582	5595
5597	7775	26022	5597
5598	7531	26057	5598
5605	7705	25485	5605
5611	7396	26064	5611
5614	7540	25861	5614
5615	7550	25599	5615
5617	7746	26141	5617
5618	7793	25826	5618
5619	7730	25773	5619
5620	7590	25553	5620
5621	7438	25708	5621
5622	7731	25773	5622
5623	7470	25821	5623
5624	7766	25883	5624
5625	7741	25888	5625
5626	7738	25499	5626
5627	7625	25587	5627
5628	7579	25968	5628
5630	7667	25933	5630
5632	7420	25807	5632
5633	7745	25295	5633
5634	7725	25781	5634
5638	7655	25591	5638
5640	7770	25687	5640
5642	7593	25857	5642
5643	7514	25762	5643
5646	7737	25838	5646
5647	7793	25605	5647
5649	7547	25826	5649
5650	7448	25564	5650
5652	7862	25686	5652
5657	7475	26110	5657
5663	7638	26160	5663
5679	7562	25591	5679
5683	7565	25453	5683
5684	7538	26079	5684
5700	7785	25709	5700
5709	7606	25506	5709
5713	8533	24578	5713
5714	8408	24540	5714
5715	8325	24472	5715
5716	8603	24205	5716
5717	8579	24356	5717
5718	8511	24171	5718
5719	8399	24541	5719
5720	8603	24204	5720
5721	8568	24224	5721
5722	8342	24570	5722
5723	8543	24436	5723
5724	8528	24556	5724
5726	8347	24493	5726
5727	8466	24412	5727
5728	8381	24423	5728
5729	8485	24511	5729
5730	8425	24409	5730
5731	8419	24399	5731
5732	8708	24403	5732
5733	8535	24379	5733
5734	8390	24224	5734
5735	8465	24349	5735
5736	8489	24516	5736
5737	8668	24255	5737
5738	8659	24268	5738
5739	8635	24527	5739
5740	8400	24424	5740
5741	8369	24611	5741
5742	8539	24143	5742
5743	8340	24447	5743
5744	8567	24415	5744
5745	8460	24482	5745
5749	8626	24241	5749
5756	8287	24624	5756
5757	8424	24151	5757
5760	8356	24387	5760
5769	8690	24456	5769
5779	8348	24572	5779
5785	8410	24519	5785
5786	8352	24568	5786
5791	8340	24405	5791
5792	8631	24195	5792
5794	8502	24465	5794
5795	8523	24385	5795
5797	8595	24225	5797
5798	8456	24451	5798
5801	8567	24420	5801
5802	8484	24516	5802
5804	8425	24541	5804
5805	8376	24606	5805
5806	8596	24521	5806
5817	8515	24144	5817
5819	8564	24232	5819
5821	8705	24333	5821
5822	8453	24502	5822
5825	8509	24299	5825
5826	8429	24551	5826
5827	8554	24375	5827
5838	8598	24516	5838
5841	8983	21663	5841
5842	9084	21546	5842
5843	9380	20325	5843
5844	9656	18989	5844
5845	9054	21649	5845
5846	9476	18759	5846
5847	8302	19171	5847
5848	9477	19703	5848
5849	10157	19878	5849
5850	8885	21609	5850
5851	9248	19659	5851
5852	9688	19300	5852
5853	8895	21591	5853
5858	10157	20906	5858
5862	9636	20790	5862
5866	9291	21081	5866
5868	8144	21178	5868
5870	9471	18776	5870
5872	9671	19308	5872
5873	8809	21427	5873
5874	9497	20078	5874
5876	9164	21591	5876
5877	8840	21448	5877
5878	9419	20351	5878
5879	8955	21682	5879
5880	8942	21675	5880
5881	8936	21647	5881
5882	9380	20334	5882
5894	8907	21604	5894
5895	9412	20379	5895
5897	9840	19016	5897
5898	8815	18847	5898
5901	9511	19638	5901
5906	9363	18581	5906
5908	9162	18825	5908
5909	8451	24848	5909
5910	8554	24796	5910
5911	8377	24757	5911
5912	8541	24807	5912
5914	8778	24811	5914
5915	8600	24759	5915
5916	8411	24672	5916
5917	8717	24821	5917
5918	8607	24860	5918
5920	8565	24608	5920
5922	8538	24808	5922
5924	8815	24529	5924
5925	8556	24870	5925
5926	8383	24856	5926
5927	8417	24708	5927
5928	8681	24467	5928
5930	8505	24597	5930
5931	8661	24522	5931
5932	8624	24661	5932
5933	8750	24603	5933
5934	8510	24661	5934
5935	8664	24804	5935
5936	8395	24735	5936
5937	8720	24553	5937
5943	8464	24866	5943
5946	8401	24716	5946
5955	8379	24617	5955
5956	8648	24745	5956
5966	8673	24564	5966
5969	8832	24612	5969
5970	8412	24711	5970
5972	8621	24733	5972
5973	8404	24752	5973
5980	8763	24503	5980
5983	8730	24586	5983
5984	8369	24737	5984
5986	8388	24851	5986
5987	8530	24807	5987
5988	8710	24823	5988
5989	8819	24538	5989
5990	8551	24720	5990
5997	8352	24867	5997
5999	8772	24814	5999
6004	8470	24639	6004
6009	8824	24862	6009
6013	8359	24914	6013
6015	8372	24664	6015
6017	8406	24728	6017
6023	8656	24528	6023
6025	8589	24840	6025
6030	8783	24535	6030
6031	8470	24613	6031
6032	8767	24353	6032
6033	8747	24653	6033
6035	8482	24725	6035
6038	8409	24707	6038
6039	4733	24167	6039
6040	5141	26062	6040
6041	4170	25092	6041
6042	4826	25702	6042
6043	5640	26106	6043
6044	4528	24316	6044
6045	5456	26175	6045
6046	5425	25202	6046
6047	4845	26225	6047
6048	4846	26211	6048
6049	5599	25327	6049
6051	4993	24810	6051
6052	5651	25245	6052
6053	5694	25582	6053
6054	5408	25147	6054
6055	5647	26042	6055
6056	5219	26125	6056
6057	5910	25520	6057
6058	5462	25623	6058
6059	5635	25352	6059
6060	4782	24367	6060
6061	4790	25076	6061
6063	5619	26051	6063
6064	5354	26205	6064
6065	5578	25313	6065
6066	5650	26034	6066
6067	5641	25216	6067
6069	5427	26133	6069
6070	4959	26010	6070
6073	5217	26109	6073
6075	5588	25370	6075
6077	4600	24815	6077
6097	5374	25202	6097
6104	5286	25827	6104
6106	4662	25981	6106
6108	4828	23586	6108
6113	5566	25313	6113
6114	4879	26123	6114
6115	4665	25995	6115
6116	4911	25854	6116
6117	4568	24722	6117
6118	4667	25525	6118
6119	5732	26514	6119
6120	4611	24468	6120
6121	4941	26155	6121
6122	5581	25381	6122
6124	5652	25288	6124
6125	4724	24318	6125
6126	5153	26131	6126
6127	5686	25371	6127
6128	5654	26020	6128
6130	4875	24465	6130
6132	5690	25360	6132
6133	5583	25366	6133
6134	5575	25216	6134
6135	5152	26179	6135
6136	5428	25238	6136
6137	5648	26435	6137
6138	4203	24366	6138
6139	5368	25669	6139
6140	4601	24220	6140
6141	4127	25129	6141
6142	4776	26246	6142
6143	4575	24138	6143
6144	5731	25354	6144
6145	5272	25145	6145
6146	5077	23241	6146
6147	4726	24390	6147
6148	4777	24557	6148
6149	5068	24980	6149
6150	5025	23409	6150
6152	4608	23959	6152
6153	4239	24287	6153
6154	5606	25237	6154
6155	4700	24330	6155
6156	5218	26103	6156
6157	4817	26127	6157
6158	4734	25741	6158
6159	4757	24570	6159
6161	4964	24718	6161
6163	5170	26161	6163
6165	4599	24811	6165
6166	5686	25194	6166
6167	5393	25120	6167
6168	4869	24418	6168
6170	4767	23925	6170
6173	4773	24259	6173
6174	4765	24220	6174
6175	4285	24482	6175
6176	4286	24474	6176
6178	4980	24821	6178
6190	4799	26149	6190
6191	6017	25540	6191
6192	4412	25290	6192
6194	4913	24564	6194
6195	4594	25603	6195
6196	5711	25206	6196
6198	4462	25463	6198
6199	5936	25472	6199
6200	4848	24341	6200
6201	4775	23949	6201
6202	5156	24965	6202
6203	4638	25942	6203
6204	4930	23523	6204
6205	4656	25767	6205
6206	5510	26489	6206
6208	5417	25211	6208
6220	4316	24160	6220
6221	5718	25264	6221
6222	5408	25084	6222
6223	4458	25426	6223
6224	4992	23228	6224
6225	4915	24571	6225
6226	4928	23359	6226
6244	5579	25313	6244
6247	5380	25062	6247
6255	4431	25271	6255
6260	4761	24219	6260
6264	12564	20381	6264
6265	13023	19395	6265
6266	12613	20273	6266
6267	12401	20242	6267
6268	12971	20542	6268
6269	12976	20542	6269
6270	12346	19383	6270
6272	12570	20379	6272
6274	12838	19596	6274
6275	12446	20210	6275
6277	12619	20318	6277
6278	13107	18840	6278
6282	12421	21081	6282
6285	12104	19994	6285
6286	12719	19893	6286
6287	12406	19782	6287
6289	12170	21117	6289
6291	12592	20309	6291
6292	12629	20290	6292
6293	12642	20313	6293
6294	13021	19405	6294
6295	12367	19365	6295
6296	12565	20384	6296
6297	13022	19295	6297
6299	12076	19994	6299
6300	13033	20582	6300
6301	13088	19594	6301
6302	12730	20233	6302
6303	12614	20307	6303
6304	12492	20632	6304
6305	12515	19962	6305
6306	13103	19379	6306
6307	12670	20345	6307
6309	12451	20221	6309
6311	12994	20565	6311
6313	13059	19392	6313
6315	12835	19590	6315
6324	13034	18844	6324
6325	12536	20464	6325
6327	12506	20533	6327
6329	12476	20262	6329
6330	12676	20281	6330
6331	12510	20525	6331
6333	13034	20578	6333
6334	13033	19387	6334
6335	12362	19360	6335
6336	12616	20275	6336
6337	13094	18842	6337
6339	12441	20204	6339
6340	12590	20318	6340
6343	13211	20556	6343
6346	12372	21540	6346
6348	13062	21137	6348
6350	12220	20060	6350
6351	7238	10143	6351
6352	4742	8443	6352
6353	6345	8960	6353
6354	5222	9206	6354
6355	6771	7045	6355
6356	6542	11841	6356
6358	4996	11362	6358
6359	7686	11787	6359
6361	4669	8419	6361
6364	4869	8837	6364
6370	5454	10619	6370
6371	4672	8409	6371
6373	4992	10443	6373
6374	5555	9771	6374
6375	5924	9621	6375
6377	5124	7336	6377
6379	4686	8435	6379
6380	5176	8111	6380
6383	6985	11219	6383
6386	7824	8817	6386
6390	5841	11187	6390
6392	6814	6942	6392
6393	6553	11804	6393
6394	3350	12253	6394
6395	4846	8704	6395
6397	6800	7006	6397
6398	6506	11854	6398
6410	5465	10986	6410
6411	4673	8454	6411
6412	5865	9304	6412
6414	4721	8459	6414
6416	6373	8929	6416
6418	6517	11856	6418
6426	10120	26670	6426
6427	11873	29275	6427
6428	11888	29238	6428
6429	9923	29505	6429
6431	11457	29789	6431
6432	11745	27541	6432
6433	11840	29202	6433
6434	11599	30446	6434
6436	9950	26891	6436
6438	10196	26644	6438
6442	11714	27580	6442
6444	11845	29201	6444
6452	9782	27850	6452
6453	12407	28693	6453
6454	11732	27423	6454
6456	9916	26895	6456
6457	10520	29115	6457
6458	10032	30269	6458
6459	11901	29272	6459
6462	10084	26469	6462
6465	11901	29296	6465
6466	11454	30412	6466
6467	10033	29486	6467
6468	11722	27409	6468
6469	11867	29267	6469
6470	11610	30447	6470
6471	10032	29490	6471
6472	11728	27544	6472
6477	12995	28319	6477
6481	11709	27443	6481
6482	11851	29245	6482
6488	11867	29278	6488
6489	11603	30447	6489
6490	9933	29492	6490
6491	11726	27533	6491
6493	10446	29236	6493
6494	11597	30470	6494
6496	12900	28623	6496
6500	11574	26319	6500
6501	12995	28320	6501
6502	9771	27840	6502
6505	9240	25796	6505
6506	9142	26442	6506
6507	9162	26139	6507
6508	8967	25930	6508
6509	8893	25692	6509
6510	8709	25872	6510
6511	9146	26136	6511
6512	8954	25927	6512
6513	8968	25743	6513
6514	8790	26067	6514
6515	8682	25862	6515
6516	9172	25819	6516
6517	8871	25649	6517
6518	8661	25850	6518
6519	8926	25895	6519
6520	9043	26080	6520
6521	8957	25996	6521
6522	8954	25935	6522
6526	9493	26234	6526
6532	8594	25843	6532
6533	8827	25901	6533
6535	8857	26284	6535
6539	9376	26557	6539
6540	9796	26613	6540
6544	8586	25855	6544
6545	9193	26204	6545
6546	8940	26326	6546
6547	9216	26686	6547
6548	9847	27021	6548
6549	9267	25795	6549
6550	8957	25961	6550
6552	8964	25894	6552
6556	8808	26112	6556
6557	8670	25872	6557
6558	8679	25825	6558
6560	8760	26126	6560
6562	8696	25833	6562
6566	8948	25922	6566
6569	8954	25914	6569
6575	9005	26865	6575
6576	9280	25775	6576
6578	8692	25853	6578
6582	8968	25943	6582
6589	8722	25879	6589
6597	9383	26609	6597
6601	12696	11656	6601
6602	12649	11644	6602
6603	12086	12108	6603
6604	12189	10119	6604
6605	15335	14564	6605
6606	14970	12203	6606
6607	13616	13668	6607
6609	14167	14725	6609
6610	12689	11670	6610
6611	15286	14514	6611
6616	15277	14564	6616
6621	12578	11589	6621
6622	16083	12316	6622
6625	7301	24399	6625
6626	14689	8235	6626
6627	15281	14648	6627
6628	12622	11839	6628
6629	13589	10939	6629
6630	12406	11749	6630
6631	12347	10241	6631
6632	15507	14456	6632
6633	12782	11705	6633
6634	14562	12397	6634
6635	12643	11674	6635
6638	15290	14552	6638
6641	12642	11655	6641
6651	12172	10748	6651
6654	12163	10108	6654
6655	14943	12219	6655
6656	15318	14557	6656
6658	15574	11926	6658
6659	13506	11722	6659
6660	12077	12136	6660
6665	15255	14587	6665
6668	7896	24822	6668
6669	7664	24919	6669
6671	7865	24879	6671
6672	8015	24651	6672
6673	7780	24870	6673
6674	7943	24764	6674
6685	7839	24974	6685
6690	7953	24664	6690
6698	7915	24853	6698
6699	7975	24494	6699
6700	8018	24528	6700
6702	7994	24488	6702
6704	7963	24722	6704
6705	7909	24787	6705
6706	7992	24662	6706
6710	7955	24802	6710
6712	7670	24896	6712
6713	7939	24623	6713
6714	7817	24824	6714
6715	7973	24622	6715
6724	7666	24903	6724
6725	7930	24652	6725
6726	7962	24501	6726
6727	7918	24679	6727
6728	7793	24847	6728
6731	7923	24789	6731
6739	7977	24611	6739
6743	11893	15389	6743
6744	12482	15816	6744
6745	8798	13972	6745
6746	10360	15287	6746
6747	12956	13821	6747
6748	11269	16099	6748
6749	13056	15015	6749
6750	13375	15820	6750
6751	9338	16455	6751
6752	10863	16808	6752
6753	10374	15264	6753
6763	10816	15088	6763
6764	12435	15832	6764
6766	11272	16110	6766
6767	9391	16325	6767
6768	12447	15841	6768
6770	12947	13801	6770
6771	10869	16801	6771
6778	12454	15855	6778
6779	10406	15314	6779
6780	10429	15304	6780
6783	12450	15839	6783
6787	13075	14902	6787
6789	16175	28780	6789
6790	16714	27419	6790
6791	16681	27371	6791
6792	16716	27387	6792
6793	16721	27390	6793
6794	16704	27453	6794
6795	16638	27159	6795
6796	16635	27149	6796
6797	16506	27401	6797
6798	16909	27408	6798
6799	16317	26400	6799
6800	16509	27347	6800
6801	16872	27373	6801
6802	16693	26794	6802
6803	16544	27778	6803
6804	17212	27607	6804
6805	16736	27445	6805
6806	17004	29103	6806
6807	16318	26370	6807
6809	17625	28358	6809
6810	16477	27329	6810
6811	16192	27315	6811
6812	16772	25769	6812
6813	16639	27106	6813
6814	15379	26312	6814
6815	16742	27363	6815
6816	16880	27392	6816
6817	17555	27624	6817
6818	16329	26406	6818
6819	17341	26304	6819
6820	16590	27446	6820
6821	16866	27402	6821
6822	16317	26371	6822
6823	16858	27775	6823
6828	16630	27120	6828
6829	16354	26396	6829
6836	15740	26431	6836
6850	16045	27059	6850
6852	16679	27437	6852
6853	16812	27575	6853
6854	16826	27046	6854
6856	16685	27384	6856
6857	16899	29654	6857
6859	16831	29158	6859
6872	16923	28720	6872
6873	16402	26414	6873
6874	16169	27572	6874
6876	16668	27174	6876
6877	15295	26607	6877
6878	16858	27202	6878
6879	16639	27120	6879
6880	16763	27489	6880
6882	17033	29102	6882
6883	16664	27564	6883
6885	17626	28355	6885
6886	16769	25761	6886
6887	16641	27130	6887
6889	15283	26302	6889
6891	16483	27324	6891
6894	16335	26387	6894
6895	16694	27480	6895
6896	16890	27058	6896
6917	16815	28246	6917
6918	16821	28247	6918
6923	16815	27359	6923
6930	16768	25783	6930
6931	16655	27155	6931
6932	15296	26318	6932
6933	16335	26391	6933
6936	16587	27771	6936
6937	17683	27056	6937
6945	16348	27578	6945
6950	16646	27124	6950
6952	15339	26296	6952
6954	16689	27376	6954
6956	17054	27384	6956
6958	16329	26388	6958
6964	3546	31062	6964
6965	3061	32234	6965
6966	4434	29910	6966
6967	4189	30687	6967
6969	4606	31995	6969
6970	4981	29062	6970
6971	4954	29583	6971
6972	3505	31280	6972
6973	2765	30199	6973
6974	2856	31497	6974
6975	2950	32960	6975
6977	2970	33668	6977
6979	4427	29920	6979
6981	3525	31087	6981
6982	4589	31881	6982
6983	4947	29584	6983
6986	2822	31526	6986
6987	3794	31601	6987
6988	3057	32183	6988
6990	3713	30711	6990
6991	4382	29995	6991
6992	4134	30784	6992
6994	4791	29275	6994
6995	4198	30787	6995
6999	4177	32261	6999
7000	3947	30993	7000
7002	3948	29615	7002
7006	4426	29916	7006
7008	4194	30700	7008
7010	4258	30929	7010
7011	3823	30256	7011
7013	3021	32597	7013
7015	4444	29903	7015
7016	4188	30725	7016
7018	5027	29015	7018
7021	4132	30663	7021
7024	4544	29901	7024
7025	3554	30124	7025
7026	3356	31125	7026
7027	4635	32033	7027
7030	4123	30697	7030
7031	3069	32224	7031
7033	4162	30677	7033
7034	4778	29241	7034
7036	4612	31887	7036
7037	2805	33705	7037
7040	3000	32948	7040
7041	2454	31831	7041
7042	3936	29666	7042
7046	4436	29982	7046
7057	4297	30075	7057
7061	5775	37352	7061
7062	2926	30119	7062
7072	2770	29877	7072
7073	2011	31745	7073
7075	4402	29914	7075
7077	4622	31929	7077
7080	3014	32971	7080
7082	2856	31494	7082
7083	4541	29570	7083
7084	3079	31182	7084
7085	3958	32027	7085
7088	3908	29271	7088
7091	2132	32220	7091
7092	4483	30770	7092
7095	4147	31672	7095
7102	2832	33790	7102
7103	2023	31750	7103
7104	2796	30214	7104
7107	8472	7189	7107
7108	11535	6009	7108
7109	7849	5811	7109
7110	9871	7264	7110
7111	9430	5144	7111
7112	9081	9027	7112
7113	9152	10267	7113
7114	8590	7140	7114
7115	8557	7134	7115
7117	8647	7175	7117
7118	7776	8799	7118
7119	7765	8748	7119
7120	8654	7181	7120
7121	8608	7107	7121
7124	7296	6732	7124
7128	8497	7142	7128
7134	11217	4998	7134
7135	8406	7587	7135
7136	8507	7141	7136
7137	9436	5076	7137
7138	9164	9085	7138
7139	8521	6647	7139
7141	8527	7107	7141
7142	11555	6236	7142
7143	9368	5248	7143
7144	9386	8950	7144
7145	8524	7240	7145
7146	10741	7969	7146
7147	8647	7210	7147
7148	8677	7093	7148
7151	11510	6050	7151
7152	7855	5781	7152
7154	9097	9060	7154
7156	8538	7123	7156
7161	9419	5171	7161
7166	9041	6776	7166
7170	11527	6028	7170
7171	9395	5125	7171
7172	9100	9054	7172
7173	9184	10288	7173
7185	8550	7236	7185
7187	10564	9395	7187
7188	8607	7154	7188
7194	9808	5091	7194
7195	7959	25225	7195
7196	7782	25393	7196
7197	7986	25023	7197
7199	7987	24964	7199
7200	7960	25225	7200
7202	7833	25365	7202
7203	7885	25075	7203
7204	7732	25413	7204
7205	7969	25212	7205
7206	7902	25061	7206
7207	7776	25227	7207
7209	7979	24971	7209
7211	7805	25291	7211
7215	7864	25186	7215
7217	7896	25065	7217
7222	7928	25215	7222
7226	7882	25085	7226
7227	7972	25201	7227
7229	7951	25055	7229
7230	7910	25031	7230
7233	6093	25992	7233
7234	7909	24964	7234
7237	7967	25177	7237
7238	7861	25171	7238
7239	7891	25179	7239
7240	7888	25216	7240
7241	7897	24944	7241
7243	7988	25035	7243
7244	7873	25074	7244
7245	7756	25233	7245
7248	7896	24905	7248
7249	7932	24974	7249
7250	7969	24923	7250
7251	7745	25467	7251
7252	7837	25306	7252
7253	7887	25149	7253
7254	7901	24989	7254
7255	7912	25075	7255
7261	7770	25400	7261
7262	7839	25205	7262
7263	7870	24947	7263
7274	8003	25033	7274
7280	7857	25265	7280
7282	7910	24974	7282
7285	7748	25361	7285
7286	7726	25325	7286
7288	7800	25376	7288
7289	7763	25321	7289
7294	7815	25234	7294
7295	7849	25140	7295
7302	7882	25321	7302
7303	7954	25098	7303
7304	7858	25316	7304
7306	13593	26419	7306
7307	14521	28448	7307
7308	14172	27564	7308
7309	14244	25892	7309
7310	15191	29318	7310
7311	14451	28386	7311
7315	14517	28477	7315
7319	13900	29433	7319
7320	15215	29338	7320
7322	14502	28444	7322
7323	14288	25934	7323
7326	13663	26362	7326
7327	14402	28364	7327
7328	14165	27574	7328
7329	13869	29428	7329
7332	13637	26385	7332
7335	15195	29311	7335
7342	14317	25820	7342
7343	14282	25898	7343
7344	14299	25917	7344
7345	14495	28434	7345
7348	13618	26380	7348
7349	14476	28403	7349
7350	14247	25884	7350
7351	15192	29307	7351
7352	13618	26385	7352
7362	4565	20147	7362
7364	3763	18854	7364
7366	5551	18922	7366
7368	5160	20939	7368
7370	5560	18988	7370
7371	4606	20210	7371
7373	5136	21030	7373
7375	3758	18836	7375
7377	3763	18833	7377
7382	5173	20936	7382
7385	5540	18899	7385
7386	4617	20163	7386
7389	5467	21052	7389
7392	5032	20959	7392
7401	5548	18915	7401
7408	4616	20163	7408
7410	5020	20858	7410
7411	5535	18999	7411
7413	4622	20115	7413
7418	4995	20855	7418
7419	5012	20925	7419
7420	4976	20902	7420
7423	5009	20948	7423
7424	4569	20028	7424
7428	5503	18918	7428
7429	5093	20693	7429
7432	3779	18852	7432
7433	5028	20950	7433
7435	6036	20254	7435
7436	5167	20938	7436
7445	4439	20072	7445
7446	5037	20962	7446
7449	5155	20942	7449
7453	3762	18853	7453
7454	4567	20133	7454
7456	5044	20892	7456
7457	5546	18936	7457
7458	5167	20949	7458
7459	5168	20943	7459
7466	3746	18858	7466
7467	4945	20912	7467
7469	5031	20882	7469
7470	5564	18937	7470
7487	7030	26472	7487
7494	6428	27312	7494
7495	5848	27267	7495
7496	6350	26706	7496
7497	6807	27076	7497
7498	6869	26814	7498
7500	6876	26805	7500
7501	7142	26658	7501
7502	6307	26670	7502
7503	6881	26746	7503
7505	6842	26879	7505
7507	6323	26651	7507
7508	6983	26499	7508
7509	6567	27014	7509
7510	6513	26607	7510
7511	6783	27009	7511
7513	6836	26832	7513
7514	6318	26543	7514
7515	7225	26523	7515
7516	6575	26691	7516
7517	7056	26372	7517
7518	6279	26455	7518
7520	6943	26759	7520
7521	6781	27043	7521
7522	6768	26827	7522
7523	7130	26551	7523
7526	6313	26822	7526
7529	6293	26723	7529
7531	6839	26568	7531
7541	7019	26460	7541
7550	7069	26389	7550
7555	5675	26866	7555
7561	6609	26850	7561
7562	7031	26839	7562
7563	7122	26482	7563
7567	7174	26656	7567
7569	7043	26495	7569
7577	7068	26465	7577
7579	6978	26512	7579
7581	7080	26564	7581
7587	6990	27055	7587
7595	6849	26858	7595
7596	7126	26889	7596
7605	13881	17392	7605
7606	12667	17472	7606
7607	12742	17446	7607
7608	14244	16294	7608
7609	12728	17853	7609
7611	12651	17388	7611
7613	11983	17163	7613
7614	12666	17463	7614
7615	11983	17172	7615
7621	12678	17496	7621
7623	14505	16980	7623
7624	12755	17392	7624
7627	12679	17370	7627
7629	12730	17442	7629
7630	12704	17354	7630
7631	12732	20480	7631
7633	12599	17433	7633
7635	13878	17331	7635
7636	12804	17466	7636
7638	12672	17465	7638
7641	13849	17395	7641
7643	12706	17402	7643
7644	11964	17215	7644
7650	12668	17490	7650
7653	12686	17873	7653
7654	12665	17521	7654
7661	11967	17214	7661
7664	14272	16317	7664
7665	13064	17268	7665
7667	12393	17363	7667
7668	13578	16417	7668
7669	13844	17400	7669
7673	11961	17211	7673
7676	5545	16055	7676
7677	2423	17006	7677
7678	5838	16871	7678
7679	4996	17738	7679
7680	3636	15359	7680
7681	4913	16518	7681
7682	4814	16489	7682
7683	3963	17357	7683
7684	3843	16227	7684
7685	4526	15648	7685
7686	5277	16948	7686
7687	4951	16419	7687
7688	4931	16578	7688
7689	4899	16532	7689
7691	4863	16499	7691
7695	3222	16428	7695
7698	4995	16497	7698
7699	4929	16579	7699
7704	4786	15426	7704
7705	5650	16415	7705
7709	4969	16610	7709
7710	5838	16832	7710
7711	4929	16661	7711
7712	4016	17303	7712
7713	2414	17012	7713
7714	4745	16437	7714
7716	4970	16549	7716
7717	4973	16465	7717
7718	2444	17033	7718
7719	5834	16953	7719
7720	4943	17714	7720
7721	4783	16472	7721
7722	2458	17003	7722
7725	5000	16460	7725
7726	4933	16532	7726
7727	4345	16781	7727
7738	2441	17052	7738
7739	5007	16455	7739
7740	2453	17026	7740
7748	2464	17018	7748
7749	2981	18178	7749
7750	3183	18347	7750
7754	2478	16969	7754
7755	4475	16648	7755
7756	4185	17555	7756
7758	3214	16173	7758
7765	5273	16171	7765
7769	4267	17105	7769
7770	2451	15251	7770
7771	4120	16511	7771
7773	4940	15968	7773
7774	2905	15323	7774
7775	4376	17848	7775
7776	4760	15282	7776
7777	5034	16706	7777
7778	5123	17118	7778
7780	4759	16821	7780
7781	5546	12485	7781
7782	5017	13437	7782
7783	7306	14367	7783
7784	5558	13908	7784
7785	7251	15046	7785
7786	5854	12625	7786
7787	4029	14274	7787
7788	8864	15193	7788
7789	5536	12533	7789
7790	4132	12796	7790
7791	5608	13866	7791
7792	5543	12527	7792
7793	4097	12833	7793
7795	5053	13407	7795
7798	5614	13618	7798
7801	5255	13112	7801
7803	4723	12471	7803
7807	3304	13014	7807
7808	2806	13962	7808
7809	4288	13293	7809
7816	5712	13946	7816
7817	5586	13646	7817
7818	5627	12660	7818
7819	5578	13732	7819
7821	5530	12545	7821
7822	4296	13304	7822
7823	3211	13457	7823
7828	7311	14960	7828
7830	5546	12466	7830
7831	4166	12791	7831
7833	5642	13870	7833
7836	7270	15064	7836
7837	4015	14252	7837
7840	4080	12853	7840
7842	5064	13360	7842
7856	7404	13994	7856
7857	5562	13901	7857
7859	3286	12981	7859
7860	4022	14257	7860
7861	5544	12533	7861
7862	4101	12865	7862
7869	3286	12958	7869
7870	5581	13896	7870
7871	5047	13470	7871
7872	7268	15066	7872
7873	8896	15214	7873
7875	4083	12886	7875
7885	8886	15217	7885
7889	7091	26374	7889
7890	7233	26028	7890
7891	7151	25920	7891
7892	7277	26163	7892
7893	7028	26328	7893
7895	7079	26048	7895
7896	7095	26185	7896
7897	7033	26006	7897
7898	7228	26302	7898
7900	7136	26014	7900
7902	7339	25885	7902
7903	7030	26360	7903
7905	7026	25923	7905
7910	7116	26251	7910
7913	7175	26173	7913
7916	7098	25898	7916
7920	7274	26422	7920
7925	7064	25952	7925
7931	7228	26089	7931
7937	7324	25968	7937
7938	7315	26157	7938
7939	7150	25883	7939
7940	7050	26297	7940
7941	7261	19978	7941
7942	6590	25939	7942
7943	7305	25912	7943
7944	7172	26306	7944
7945	7084	26239	7945
7946	7065	26220	7946
7947	7090	26227	7947
7948	7212	26044	7948
7949	7031	26036	7949
7950	7349	26012	7950
7951	6825	26082	7951
7952	6599	26079	7952
7953	6937	25896	7953
7954	6865	26223	7954
7956	7167	26310	7956
7958	7222	25913	7958
7959	7179	26351	7959
7961	7107	26315	7961
7964	6747	26231	7964
7965	7298	25995	7965
7971	7338	26022	7971
7972	7426	25905	7972
7974	6659	26259	7974
7977	7241	26454	7977
7979	6990	26270	7979
7980	7364	25882	7980
7985	6947	25968	7985
7987	7186	25878	7987
7992	7254	26423	7992
7997	7033	25871	7997
7998	7176	26305	7998
8000	7163	25898	8000
8013	7341	25945	8013
8016	6662	25894	8016
8017	8614	25224	8017
8019	8500	25179	8019
8021	8386	25075	8021
8022	8701	25109	8022
8023	8827	25071	8023
8025	8503	24895	8025
8026	8303	25028	8026
8027	8668	24984	8027
8028	8802	25087	8028
8029	8698	24963	8029
8030	8724	25158	8030
8031	8384	25093	8031
8032	8359	25170	8032
8033	8552	25006	8033
8036	8512	24892	8036
8037	8600	25140	8037
8038	8672	25181	8038
8039	8364	24937	8039
8042	8794	25121	8042
8043	8444	25165	8043
8044	8398	25016	8044
8048	8561	25048	8048
8049	8412	25139	8049
8054	8664	25196	8054
8056	8509	25120	8056
8057	8552	24976	8057
8063	8817	24932	8063
8064	8448	24921	8064
8073	8703	25104	8073
8086	8410	24910	8086
8087	8365	25003	8087
8090	8408	25136	8090
8091	8352	25108	8091
8094	8729	24963	8094
8095	8447	24991	8095
8099	8729	24950	8099
8108	8769	24890	8108
8111	8784	25160	8111
8112	8536	25059	8112
8125	8835	25087	8125
8127	8649	25033	8127
8134	8357	24978	8134
8135	8510	25052	8135
8136	8422	24982	8136
8141	8046	40648	8141
8142	8052	40868	8142
8143	7520	41295	8143
8144	8005	40746	8144
8145	13338	41198	8145
8146	8732	42005	8146
8147	10015	44063	8147
8148	10704	41934	8148
8149	7736	42920	8149
8150	8188	39725	8150
8151	8004	39582	8151
8152	8729	45729	8152
8153	8120	40898	8153
8154	12434	40584	8154
8155	8055	42154	8155
8156	11412	41286	8156
8158	8119	40719	8158
8159	8041	40628	8159
8160	9646	53543	8160
8167	8030	40614	8167
8171	9591	49921	8171
8172	8415	39095	8172
8173	8410	39090	8173
8176	7782	42992	8176
8181	12394	40564	8181
8183	8770	45740	8183
8184	8781	45803	8184
8185	8466	41284	8185
8186	7767	43073	8186
8190	8061	40708	8190
8192	7889	37424	8192
8193	7993	42498	8193
8194	7092	35677	8194
8195	7358	36889	8195
8196	7507	38124	8196
8197	7404	37416	8197
8198	7564	36452	8198
8199	7420	37596	8199
8201	7223	36341	8201
8202	7932	40604	8202
8203	7989	43021	8203
8205	7919	40626	8205
8207	7762	43088	8207
8208	9723	53362	8208
8209	8554	45534	8209
8210	9726	49940	8210
8211	8604	43562	8211
8213	8044	40795	8213
8214	7799	43035	8214
8215	8040	40788	8215
8216	7992	40598	8216
8217	7567	41115	8217
8218	9429	43796	8218
8219	8194	40875	8219
8220	7737	42017	8220
8221	7832	43019	8221
8222	7775	43136	8222
8223	9571	53544	8223
8224	12561	40596	8224
8225	8844	45826	8225
8226	7985	39618	8226
8227	11989	41711	8227
8228	8061	41128	8228
8229	8832	45737	8229
8231	8766	41979	8231
8233	8050	40870	8233
8237	7674	42136	8237
8241	11408	41279	8241
8242	7717	40440	8242
8243	7715	40444	8243
8244	8120	42774	8244
8261	7483	41330	8261
8262	7673	42141	8262
8263	7722	40434	8263
8264	9424	53275	8264
8265	8757	46004	8265
8266	8045	40822	8266
8267	8752	41961	8267
8268	7710	42828	8268
8271	9577	53544	8271
8274	7749	42970	8274
8276	7707	42967	8276
8277	9585	53572	8277
8278	4722	38123	8278
8279	3689	36865	8279
8283	9628	53522	8283
8286	8785	45804	8286
8303	8221	46203	8303
8311	6286	25863	8311
8312	6203	25767	8312
8313	5840	25855	8313
8314	6101	25959	8314
8315	6437	26099	8315
8316	6478	25792	8316
8317	6095	25729	8317
8318	5968	25651	8318
8323	6029	25834	8323
8324	6486	26130	8324
8325	6353	25851	8325
8326	6251	25883	8326
8327	6113	25718	8327
8328	6090	25864	8328
8329	6278	25793	8329
8330	6108	26144	8330
8332	5902	25729	8332
8333	6307	25959	8333
8334	6345	25770	8334
8336	6034	25763	8336
8337	6344	26047	8337
8338	5954	25957	8338
8339	6280	25802	8339
8340	6048	26144	8340
8341	6296	25848	8341
8342	6451	25886	8342
8351	6029	25759	8351
8354	6157	25865	8354
8362	6390	25778	8362
8364	6283	26316	8364
8366	6131	25958	8366
8371	6032	26185	8371
8372	6150	25725	8372
8373	6395	25858	8373
8374	6168	25739	8374
8375	6122	26042	8375
8377	6120	25743	8377
8378	5898	25846	8378
8379	6224	25779	8379
8382	6093	25999	8382
8383	6091	25924	8383
8384	6097	26174	8384
8386	6085	25673	8386
8387	6354	25978	8387
8388	6309	25844	8388
8389	6086	25820	8389
8390	6126	26049	8390
8392	6157	25749	8392
8393	6407	26002	8393
8394	6205	26055	8394
8395	5979	25887	8395
8396	6236	25825	8396
8398	6527	26264	8398
8399	6298	26263	8399
8400	6089	26209	8400
8403	5939	25906	8403
8404	6488	25744	8404
8405	6091	25749	8405
8410	6362	25938	8410
8418	6127	25703	8418
8419	6518	25993	8419
8420	6130	25768	8420
8421	6365	26138	8421
8425	6165	26055	8425
8427	5898	26074	8427
8428	6275	25908	8428
8434	6145	25712	8434
8435	6381	25748	8435
8436	6082	25877	8436
8438	6258	25905	8438
8442	6362	25909	8442
8445	6420	25791	8445
8446	6200	26058	8446
8447	6100	25758	8447
8448	6287	25763	8448
8449	6137	25972	8449
8471	10986	22592	8471
8490	11497	21699	8490
8491	11472	21718	8491
8492	11526	21890	8492
8494	11126	22574	8494
8495	9804	22993	8495
8496	9798	23024	8496
8497	10441	21877	8497
8498	10480	22757	8498
8501	9765	22636	8501
8504	10529	20701	8504
8505	10882	22140	8505
8506	10222	23236	8506
8507	11665	21780	8507
8508	10080	22546	8508
8510	10014	22445	8510
8511	11598	21886	8511
8512	11460	23319	8512
8513	10524	22487	8513
8514	10881	23517	8514
8515	10898	22185	8515
8516	10262	22622	8516
8517	10072	22570	8517
8518	11502	21715	8518
8519	11322	23347	8519
8520	10493	22445	8520
8521	10890	23496	8521
8522	10873	22182	8522
8542	10091	22548	8542
8543	9695	22785	8543
8545	11322	23335	8545
8546	10878	22172	8546
8547	10015	22509	8547
8552	9666	22831	8552
8553	11513	21754	8553
8560	11038	21440	8560
8561	10880	22166	8561
8565	8332	25764	8565
8566	8357	25444	8566
8567	8324	25882	8567
8570	8403	26426	8570
8571	8354	26312	8571
8572	8269	25907	8572
8573	8234	26054	8573
8574	8330	25527	8574
8575	8351	25492	8575
8577	8305	25801	8577
8578	8381	25914	8578
8579	8394	26225	8579
8580	8392	25640	8580
8583	8527	26251	8583
8586	8286	25791	8586
8588	8493	26048	8588
8594	8327	26292	8594
8596	8450	25771	8596
8597	8367	25466	8597
8599	8565	26603	8599
8600	8206	25916	8600
8602	8324	25712	8602
8622	8402	26120	8622
8624	8357	25740	8624
8625	8266	25898	8625
8626	8344	25990	8626
8627	8411	26038	8627
8628	8398	25558	8628
8629	8414	25495	8629
8630	8323	25738	8630
8633	8324	25848	8633
8634	8576	26343	8634
8636	8280	25678	8636
8638	8178	26068	8638
8639	8339	25472	8639
8640	8398	26106	8640
8641	8361	25512	8641
8642	8290	25797	8642
8645	8460	25738	8645
8660	8428	25598	8660
8662	8410	26020	8662
8667	8292	25607	8667
8668	8436	25910	8668
8673	8459	25744	8673
8678	8274	25837	8678
8681	8189	26172	8681
8697	12660	31500	8697
8698	12856	30161	8698
8699	12676	31515	8699
8702	12122	33714	8702
8703	12687	31572	8703
8705	13165	29242	8705
8707	12775	31559	8707
8709	12611	31647	8709
8710	12163	32278	8710
8711	12624	31788	8711
8714	13492	32559	8714
8716	12680	31604	8716
8718	12678	31447	8718
8719	12611	31512	8719
8720	12677	31540	8720
8721	12401	32623	8721
8722	12400	32623	8722
8730	12683	31484	8730
8731	13395	32424	8731
8732	9604	32499	8732
8733	8342	24106	8733
8735	8127	24394	8735
8736	8177	24236	8736
8737	8231	24271	8737
8739	8393	24372	8739
8740	8072	24216	8740
8741	8264	24400	8741
8743	8201	24320	8743
8744	8111	24304	8744
8745	8173	24388	8745
8746	8243	24388	8746
8751	8299	24092	8751
8752	8227	24279	8752
8753	8274	24241	8753
8754	8277	24131	8754
8756	8271	24338	8756
8757	8092	24259	8757
8758	8255	24411	8758
8759	8095	24218	8759
8761	8247	24412	8761
8772	8330	24318	8772
8777	7649	23241	8777
8778	8234	24175	8778
8781	8081	24391	8781
8782	8142	24396	8782
8784	8072	24377	8784
8785	8347	24280	8785
8787	8340	24319	8787
8790	8220	24238	8790
8791	8317	24166	8791
8792	8339	24217	8792
8794	8273	24339	8794
8800	8330	24312	8800
8801	8248	24091	8801
8802	8085	24218	8802
8814	8247	24252	8814
8826	8092	24255	8826
8837	8407	26753	8837
8838	8239	26666	8838
8839	8194	26684	8839
8840	8229	26689	8840
8841	8102	26332	8841
8842	8105	26347	8842
8845	8122	26487	8845
8847	8189	26698	8847
8848	8228	26583	8848
8849	8336	26832	8849
8851	8144	26612	8851
8852	8214	26703	8852
8853	8152	26477	8853
8854	7988	26521	8854
8856	8394	26784	8856
8858	8293	26608	8858
8859	8173	26425	8859
8860	8229	26432	8860
8861	8305	26476	8861
8866	8141	26605	8866
8867	8001	26329	8867
8868	8016	26768	8868
8870	8109	26348	8870
8875	8108	26693	8875
8879	8157	26759	8879
8881	7992	26643	8881
8882	8066	26580	8882
8889	7955	26421	8889
8894	8222	26523	8894
8899	8042	26319	8899
8913	8155	26787	8913
8914	8000	26343	8914
8915	8210	26715	8915
8919	8202	26690	8919
8921	7989	26894	8921
8922	7992	26505	8922
8923	8171	26375	8923
8942	8218	26716	8942
8943	8050	26388	8943
8955	8316	26474	8955
8957	8059	26421	8957
8958	8069	26392	8958
8962	8101	24682	8962
8963	7958	24889	8963
8964	8045	24920	8964
8965	8214	24544	8965
8967	8079	24896	8967
8968	8206	24647	8968
8970	8067	24927	8970
8971	8301	24696	8971
8973	8243	24814	8973
8976	8223	24547	8976
8977	8241	24639	8977
8978	8205	24651	8978
8987	8004	24853	8987
8989	8272	24540	8989
8994	8072	24874	8994
8997	8144	24775	8997
8999	8095	24781	8999
9000	8174	24694	9000
9001	8085	24748	9001
9002	8114	24781	9002
9003	8135	24776	9003
9004	8141	24799	9004
9005	8085	24750	9005
9006	8067	24771	9006
9007	8144	24826	9007
9009	8143	24770	9009
9012	8158	24778	9012
9013	8146	24552	9013
9016	8161	24774	9016
9017	8106	24745	9017
9018	8014	24724	9018
9019	8155	24680	9019
9020	8052	24891	9020
9026	8088	24808	9026
9031	8141	24726	9031
9035	8097	24809	9035
9050	8078	24623	9050
9051	8024	24482	9051
9076	8187	24837	9076
9091	8537	23419	9091
9093	8760	22438	9093
9094	8751	22458	9094
9095	8997	22278	9095
9096	8847	22432	9096
9097	8583	23528	9097
9098	8602	23423	9098
9099	9274	23251	9099
9100	8892	23430	9100
9101	9182	22430	9101
9102	8889	22531	9102
9103	8605	22958	9103
9104	8605	23439	9104
9106	8870	23493	9106
9108	8397	22377	9108
9109	8912	22406	9109
9119	8970	22502	9119
9126	8922	22292	9126
9128	9171	22339	9128
9129	8891	22486	9129
9130	8608	23449	9130
9131	8898	22472	9131
9132	8794	22387	9132
9133	8897	22567	9133
9134	8800	22473	9134
9136	8930	22420	9136
9137	8374	23525	9137
9140	8808	22621	9140
9141	8915	22574	9141
9142	8411	23512	9142
9143	8860	22599	9143
9144	8983	22487	9144
9145	8981	22486	9145
9146	9222	23329	9146
9147	8892	22554	9147
9148	8566	22696	9148
9149	8404	23483	9149
9162	8715	22283	9162
9166	8770	22389	9166
9172	8730	23421	9172
9175	8887	22492	9175
9179	8594	23431	9179
9180	8801	22456	9180
9181	8593	23512	9181
9183	8758	22394	9183
9194	8808	23477	9194
9195	8485	23421	9195
9196	8815	23413	9196
9197	9352	22576	9197
9198	8906	22383	9198
9202	24223	7093	9202
9203	29963	7798	9203
9204	24565	8920	9204
9205	29292	7851	9205
9206	29594	7991	9206
9207	29339	4618	9207
9208	30014	7318	9208
9209	29826	7974	9209
9210	23448	2103	9210
9211	28130	9177	9211
9213	29204	8139	9213
9214	24071	6604	9214
9215	23991	5888	9215
9217	29600	7986	9217
9218	29975	7471	9218
9222	29857	8019	9222
9224	24608	8934	9224
9225	29858	8025	9225
9236	29738	8225	9236
9245	29940	7925	9245
9247	29881	8217	9247
9249	29688	7895	9249
9250	29879	7999	9250
9251	29849	7945	9251
9252	29741	7465	9252
9253	29928	7824	9253
9254	24591	8861	9254
9255	29399	7996	9255
9256	23979	5819	9256
9257	24171	7189	9257
9258	29133	7994	9258
9261	29591	8009	9261
9262	30009	7333	9262
9263	29931	7963	9263
9265	23426	2111	9265
9267	24568	8914	9267
9268	29154	8147	9268
9269	23993	5876	9269
9271	30042	7763	9271
9272	29326	7675	9272
9287	29738	7146	9287
9289	29764	7581	9289
9290	29129	7525	9290
9298	27848	9217	9298
9299	29595	8012	9299
9300	30003	7320	9300
9302	23412	2088	9302
9303	24567	8900	9303
9304	29174	8132	9304
9305	23973	5843	9305
9309	29936	7966	9309
9313	24595	8861	9313
9319	10152	24881	9319
9320	10505	24865	9320
9321	12885	25813	9321
9322	11210	24720	9322
9323	12831	25890	9323
9324	10538	24874	9324
9325	11275	24751	9325
9326	12826	25894	9326
9327	10471	24883	9327
9329	11780	25268	9329
9331	12865	25773	9331
9332	10854	25189	9332
9333	12416	25574	9333
9334	12317	24142	9334
9335	10508	24884	9335
9336	10851	25185	9336
9337	11790	25233	9337
9338	11790	25237	9338
9342	11804	25340	9342
9350	12311	24142	9350
9352	12898	25798	9352
9353	11132	22111	9353
9355	11582	26323	9355
9356	12435	25605	9356
9357	11804	25259	9357
9358	10633	24965	9358
9359	11253	24771	9359
9362	12916	25948	9362
9368	11691	25279	9368
9370	11212	24763	9370
9371	12323	24131	9371
9373	11773	25322	9373
9374	11231	24713	9374
9375	12863	25786	9375
9376	12846	25832	9376
9377	10477	24892	9377
9378	12703	26069	9378
9379	11739	25497	9379
9392	11229	24717	9392
9393	12824	25883	9393
9394	10512	24885	9394
9397	11783	25260	9397
9401	12852	25779	9401
9402	12446	25631	9402
9414	12445	25629	9414
9415	12771	23786	9415
9416	10515	24879	9416
9435	18480	27744	9435
9452	18968	24827	9452
9453	19090	28039	9453
9454	18057	28675	9454
9455	18248	26617	9455
9457	19034	28342	9457
9458	18870	31058	9458
9461	18836	30990	9461
9462	18585	26410	9462
9463	18432	27692	9463
9464	17368	30377	9464
9467	18662	26205	9467
