65536
0	33999	1294	0
1	9542	2683	1
2	14853	10493	2
3	25408	11592	3
4	25283	6544	4
5	20052	3976	5
6	20658	6962	6
7	17123	7616	7
8	35338	16225	8
9	26122	4735	9
10	14290	8369	10
11	24327	5189	11
12	9905	2913	12
13	23270	5970	13
14	6239	7815	14
15	15590	2977	15
16	19333	10601	16
17	19227	10443	17
18	17349	8456	18
19	19499	12601	19
20	25618	7387	20
21	8800	2802	21
22	23757	2963	22
23	24778	6280	23
24	22484	16231	24
25	24886	6651	25
26	19527	12677	26
27	19997	10370	27
28	25550	4991	28
29	23601	6312	29
30	23356	6210	30
31	21530	8055	31
32	24055	5315	32
33	35897	12387	33
34	20086	3817	34
35	24110	6080	35
36	24406	6472	36
37	6128	6531	37
38	22241	11456	38
39	19902	3968	39
40	20006	13025	40
41	19578	2999	41
42	33639	16118	42
43	20707	9506	43
44	22472	8875	44
45	17892	4917	45
46	18941	11951	46
47	18818	12587	47
48	21504	8572	48
49	17209	7374	49
50	21518	6914	50
51	23889	6203	51
52	18403	10365	52
53	17906	8528	53
54	24913	5842	54
55	21579	8223	55
56	15865	3837	56
57	23526	6482	57
58	23808	6553	58
59	7747	5725	59
60	20077	7282	60
61	24553	7433	61
62	3596	2917	62
63	10642	10664	63
64	32763	16663	64
65	22078	8233	65
66	16336	5579	66
67	20297	3947	67
68	36441	4351	68
69	14208	6879	69
70	23913	5952	70
71	36512	5197	71
72	20106	10153	72
73	8212	3246	73
74	20452	9051	74
75	24070	6906	75
76	31976	14869	76
77	32387	16919	77
78	21197	8880	78
79	8907	3100	79
80	21954	5560	80
81	19244	10580	81
82	34385	15258	82
83	23850	8532	83
84	8590	3876	84
85	18530	9716	85
86	34051	1649	86
87	17032	7658	87
88	26569	9724	88
89	22358	9351	89
90	20869	7318	90
91	16719	2958	91
92	24736	5528	92
93	32594	14333	93
94	18969	12185	94
95	15311	12261	95
96	39739	6036	96
97	18630	7497	97
98	18796	9142	98
99	20373	4818	99
100	34643	4073	100
101	35765	12602	101
102	22187	14873	102
103	11623	9285	103
104	30839	9193	104
105	24044	6513	105
106	39558	10399	106
107	36389	11674	107
108	24532	4967	108
109	27096	7058	109
110	11027	6679	110
111	33751	4659	111
112	15806	8877	112
113	11110	10109	113
114	35860	5216	114
115	29335	14461	115
116	18064	6940	116
117	12468	3038	117
118	22290	3969	118
119	26124	6478	119
120	19589	12457	120
121	23361	8594	121
122	15367	6896	122
123	17246	7875	123
124	38276	13800	124
125	24347	6005	125
126	23315	7159	126
127	28270	9845	127
128	21972	6608	128
129	19020	4719	129
130	24878	7363	130
131	16221	9989	131
132	26229	7106	132
133	13501	9932	133
134	19406	12271	134
135	23374	6947	135
136	22368	7414	136
137	24909	6969	137
138	21718	8914	138
139	21008	12283	139
140	25165	5975	140
141	16970	12373	141
142	24489	6117	142
143	25365	5637	143
144	16875	10688	144
145	26618	6258	145
146	26293	6768	146
147	1660	5462	147
148	23263	7620	148
149	17222	13557	149
150	19566	10507	150
151	22472	8398	151
152	16958	6929	152
153	24198	6173	153
154	16330	7469	154
155	10395	3024	155
156	22445	2950	156
157	16810	7671	157
158	17675	13382	158
159	25134	3204	159
160	35018	15128	160
161	24943	12275	161
162	34709	5108	162
163	24235	5346	163
164	30508	10667	164
165	34349	16064	165
166	36407	5944	166
167	38719	6195	167
168	24277	9785	168
169	25285	13297	169
170	25437	7151	170
171	17608	7852	171
172	10933	10703	172
173	41000	6775	173
174	15259	20919	174
175	35466	12804	175
176	20787	3879	176
177	18328	4395	177
178	24395	5838	178
179	14819	8374	179
180	19681	12350	180
181	17068	7422	181
182	35260	1840	182
183	11572	3856	183
184	23714	5950	184
185	23398	5818	185
186	23321	2528	186
187	21937	3397	187
188	3433	3095	188
189	16271	11095	189
190	494	11158	190
191	20116	12174	191
192	25207	4294	192
193	22788	10762	193
194	39784	6124	194
195	24347	8458	195
196	23838	6254	196
197	18394	11030	197
198	27196	6336	198
199	10607	9191	199
200	17314	7076	200
201	28493	7929	201
202	20937	9973	202
203	24167	8839	203
204	25447	2263	204
205	19309	8568	205
206	14035	5273	206
207	24692	6643	207
208	19493	12428	208
209	3682	3311	209
210	12668	11596	210
211	8347	15453	211
212	32298	13441	212
213	14808	11348	213
214	23935	6247	214
215	25824	7077	215
216	37045	15712	216
217	26586	14284	217
218	24552	3828	218
219	26216	1857	219
220	6182	14280	220
221	33519	13968	221
222	31541	10384	222
223	18807	5186	223
224	32163	14351	224
225	23981	6370	225
226	23704	6209	226
227	25318	5073	227
228	20321	9877	228
229	23350	5865	229
230	17526	18610	230
231	29230	4478	231
232	18466	5944	232
233	32692	12762	233
234	19423	12760	234
235	26161	14652	235
236	22723	6455	236
237	19386	7390	237
238	17148	7533	238
239	25379	14331	239
240	26065	14057	240
241	24850	14181	241
242	35355	15098	242
243	24744	4115	243
244	11907	14797	244
245	23866	8168	245
246	23934	5779	246
247	15649	6249	247
248	28210	6466	248
249	24604	10420	249
250	34055	16393	250
251	23904	6290	251
252	20084	4168	252
253	24061	6617	253
254	26270	3755	254
255	24203	6056	255
256	21653	14017	256
257	28096	15014	257
258	24013	5530	258
259	5702	12553	259
260	8854	13260	260
261	19454	12017	261
262	16752	9256	262
263	11222	12939	263
264	34161	14868	264
265	25878	14688	265
266	23685	9226	266
267	6008	4815	267
268	20922	3313	268
269	23014	6699	269
270	16401	11891	270
271	32808	15892	271
272	26481	7446	272
273	19968	8673	273
274	17567	7557	274
275	19261	12534	275
276	9771	13207	276
277	21030	13299	277
278	24531	5634	278
279	19600	3959	279
280	24206	5864	280
281	18849	8930	281
282	25790	15026	282
283	41188	6074	283
284	14395	9896	284
285	17314	2601	285
286	21430	3986	286
287	13545	13339	287
288	10406	2200	288
289	21376	8488	289
290	25215	7526	290
291	22942	2762	291
292	28254	8472	292
293	13924	11061	293
294	17806	11138	294
295	36530	3983	295
296	26071	4994	296
297	24737	2743	297
298	32765	15027	298
299	27432	12465	299
300	18682	16716	300
301	26875	14601	301
302	40487	6106	302
303	26336	14204	303
304	16771	8133	304
305	31334	14239	305
306	8895	2737	306
307	29366	15041	307
308	25313	15342	308
309	36091	14185	309
310	20326	11950	310
311	26534	6053	311
312	16970	7765	312
313	24796	15121	313
314	19229	13763	314
315	19981	9586	315
316	24201	10985	316
317	12815	10965	317
318	25657	5531	318
319	30488	13903	319
320	24777	14785	320
321	36574	16277	321
322	23992	6147	322
323	20019	4127	323
324	23973	5858	324
325	25901	5129	325
326	43084	8014	326
327	19530	5525	327
328	20545	3977	328
329	23401	6162	329
330	21568	9128	330
331	24461	6982	331
332	19824	12633	332
333	18613	7229	333
334	29123	4203	334
335	26583	16097	335
336	11150	8404	336
337	29406	4835	337
338	36954	16606	338
339	18042	7655	339
340	21002	5210	340
341	34193	4918	341
342	24567	7083	342
343	19669	12466	343
344	23142	10297	344
345	17905	3534	345
346	29629	4404	346
347	17144	7694	347
348	15502	2832	348
349	24257	3670	349
350	5970	6642	350
351	16718	8425	351
352	17344	8547	352
353	17218	7701	353
354	23976	5468	354
355	19313	10653	355
356	24795	7155	356
357	30462	14967	357
358	2431	7481	358
359	25235	16655	359
360	20072	4070	360
361	24596	6777	361
362	18327	4825	362
363	25734	4331	363
364	28111	16536	364
365	13050	8816	365
366	19812	17543	366
367	24684	7915	367
368	17370	7743	368
369	16987	7604	369
370	29568	4062	370
371	25291	6850	371
372	33240	3217	372
373	4104	7389	373
374	16801	19361	374
375	28550	3780	375
376	26669	16459	376
377	31586	3952	377
378	20151	4059	378
379	25556	5941	379
380	9504	14224	380
381	25184	5403	381
382	30365	3744	382
383	32865	4106	383
384	30959	3712	384
385	26139	7871	385
386	29613	3559	386
387	41071	6403	387
388	35688	15917	388
389	29276	16033	389
390	28277	4407	390
391	20233	17273	391
392	27440	4504	392
393	31970	1013	393
394	26064	6148	394
395	18779	19191	395
396	26753	16890	396
397	17057	7306	397
398	36859	12852	398
399	31389	3431	399
400	28960	3977	400
401	37507	14209	401
402	29998	3874	402
403	24630	3512	403
404	25850	5903	404
405	40288	5533	405
406	19877	12770	406
407	23565	6244	407
408	32686	3391	408
409	30906	2598	409
410	31973	3074	410
411	29732	4909	411
412	24257	6401	412
413	21936	4307	413
414	26367	5494	414
415	23868	5852	415
416	28829	4774	416
417	22255	7265	417
418	28614	4316	418
419	27271	5291	419
420	36239	4360	420
421	31064	4572	421
422	27586	6010	422
423	26490	5026	423
424	26605	15201	424
425	21185	10883	425
426	24230	5771	426
427	27424	6305	427
428	23817	6188	428
429	23556	6355	429
430	31613	2703	430
431	23453	2870	431
432	26956	3831	432
433	24106	5887	433
434	24239	3459	434
435	25074	3656	435
436	10436	7732	436
437	22566	16196	437
438	41965	5745	438
439	31909	12571	439
440	33886	1887	440
441	26532	12153	441
442	16286	1903	442
443	24122	6333	443
444	29845	4006	444
445	28044	4459	445
446	32188	2787	446
447	26461	4651	447
448	23834	6328	448
449	44746	6753	449
450	28371	1213	450
451	24605	6047	451
452	23698	6017	452
453	26873	17456	453
454	7939	11328	454
455	40392	17215	455
456	23745	5914	456
457	26786	6357	457
458	23312	6112	458
459	23798	6470	459
460	31514	4287	460
461	9652	9840	461
462	23983	5652	462
463	33428	4235	463
464	24329	5655	464
465	27419	3422	465
466	25687	6241	466
467	23457	6391	467
468	25155	6150	468
469	28217	2789	469
470	6962	27835	470
471	24946	6095	471
472	44603	6588	472
473	23602	5989	473
474	24303	6079	474
475	24407	5103	475
476	23808	6318	476
477	26702	6596	477
478	25101	6783	478
479	25391	3782	479
480	38603	6039	480
481	31072	3270	481
482	22774	6568	482
483	29753	2127	483
484	5904	16152	484
485	24059	5930	485
486	25088	3805	486
487	30506	832	487
488	26229	4709	488
489	41114	5703	489
490	26141	1922	490
491	9104	10176	491
493	24202	5558	493
494	28953	2390	494
495	25203	2838	495
496	23625	6613	496
497	25748	9099	497
498	21131	3417	498
499	8509	17331	499
500	23924	6339	500
501	22986	6255	501
502	24999	3436	502
503	24052	6431	503
504	36677	14869	504
505	24023	6280	505
506	24294	6222	506
507	7227	27748	507
508	6954	27641	508
509	23876	6410	509
510	40081	5646	510
511	27636	6326	511
512	26131	5835	512
513	26008	5695	513
514	26835	7788	514
515	25643	6617	515
517	26000	2700	517
518	26461	5739	518
519	15792	20213	519
520	26935	7365	520
521	26172	6016	521
522	13074	17884	522
523	27196	6920	523
524	25894	7969	524
525	21728	3356	525
526	28277	1910	526
527	24615	5439	527
528	24833	4732	528
529	21039	3694	529
530	26069	5559	530
531	19873	3070	531
532	49013	7902	532
533	10006	18912	533
534	26654	5400	534
535	24758	4532	535
536	28049	2983	536
537	21352	6529	537
538	13597	20143	538
539	24744	5715	539
540	45210	6223	540
541	24422	5683	541
542	27882	6388	542
543	6509	27332	543
545	23329	9444	545
546	26197	5872	546
547	14370	1617	547
548	19706	12240	548
549	52525	7644	549
550	25137	4038	550
551	26977	5365	551
552	25157	3428	552
553	26147	5413	553
554	24145	6922	554
555	22572	6787	555
556	24502	6014	556
557	6558	27765	557
558	33222	3842	558
559	23703	6441	559
560	23841	6705	560
561	24192	6299	561
562	24349	6468	562
563	29759	3737	563
564	25123	4432	564
565	24255	6833	565
566	26852	5662	566
567	24129	5181	567
568	26332	6255	568
569	25889	6188	569
570	27531	1353	570
571	23291	6017	571
572	25958	4207	572
573	25043	5177	573
574	24367	6150	574
575	39956	6788	575
576	19847	12390	576
577	26543	4126	577
578	26584	14857	578
579	7143	27486	579
580	24277	5638	580
581	22668	15123	581
582	25299	5864	582
583	27601	1408	583
584	21445	6750	584
585	24735	4667	585
586	42555	6641	586
587	24020	5400	587
588	23893	5902	588
589	20492	6231	589
590	24677	4776	590
591	26643	14538	591
592	24085	6473	592
593	4884	21977	593
594	24129	5768	594
595	24782	4374	595
596	24588	5940	596
597	17704	19827	597
598	23973	6576	598
599	23980	6468	599
600	23251	6231	600
601	26453	6383	601
602	24090	5572	602
603	24225	5089	603
604	28222	14692	604
605	48918	7582	605
606	22936	5794	606
607	25808	4027	607
608	25885	5627	608
609	29440	9597	609
610	25030	2961	610
611	22809	13461	611
612	23928	14312	612
613	25188	7184	613
614	23685	6518	614
616	24616	6122	616
617	25438	13741	617
618	25619	7716	618
619	27524	6439	619
620	24040	6732	620
621	32173	4021	621
622	42305	5885	622
623	23842	14612	623
624	6342	18389	624
625	27905	6079	625
626	6911	27923	626
627	23602	6420	627
628	23247	6125	628
629	26222	5689	629
630	23418	6552	630
631	23466	6316	631
632	24504	5913	632
633	7111	27131	633
634	25091	6992	634
635	25517	4818	635
636	15478	2982	636
637	24030	5752	637
638	30047	5630	638
639	24729	6695	639
640	19053	3552	640
641	25384	6242	641
642	7285	27170	642
643	24336	5766	643
644	25773	6028	644
645	23617	6704	645
646	22354	5639	646
647	23300	6274	647
648	36683	4846	648
649	24375	5913	649
650	24497	5044	650
651	24465	5565	651
652	24033	6342	652
653	24268	5963	653
654	24598	4879	654
655	24905	6800	655
656	8736	2732	656
657	25202	5116	657
658	25633	6402	658
659	23373	6461	659
660	19997	4184	660
661	41330	5805	661
662	24791	5104	662
663	6870	27272	663
664	22919	6333	664
665	26774	14852	665
666	29202	785	666
667	24853	4284	667
668	23659	6377	668
669	23944	6513	669
670	24551	6098	670
671	24182	5629	671
672	24502	5827	672
673	24160	5477	673
674	37023	2862	674
675	19151	2620	675
676	24697	6751	676
677	26430	15337	677
678	24316	5552	678
679	24697	5357	679
680	24356	6353	680
681	36793	4552	681
682	6760	27720	682
683	20275	4004	683
684	23658	6461	684
685	27364	15648	685
686	25902	4764	686
687	24133	5260	687
688	23042	5813	688
689	24987	2648	689
690	23609	6309	690
691	25996	5583	691
692	23711	6584	692
693	24377	6588	693
694	25424	5765	694
695	23502	6587	695
696	24458	6222	696
698	31826	14876	698
699	37029	12564	699
700	23908	6620	700
701	24874	2668	701
702	31756	3869	702
703	33145	3861	703
704	26378	14800	704
705	23143	2784	705
706	31560	3901	706
707	19978	3956	707
708	23206	5931	708
709	26434	14660	709
710	24489	5716	710
711	31762	3926	711
712	24486	6175	712
713	23924	6417	713
714	19994	4223	714
715	24870	4123	715
716	26200	5532	716
717	24131	6681	717
718	24294	5405	718
719	26733	17009	719
720	17176	7760	720
721	35562	16083	721
722	24575	6192	722
723	29639	4112	723
724	7079	12696	724
725	33092	3805	725
726	33308	3791	726
727	25514	6097	727
728	23613	6526	728
729	24155	6976	729
730	23941	6668	730
731	24439	5478	731
732	24914	6155	732
733	24613	5522	733
734	24739	6196	734
735	25796	5752	735
736	11525	9336	736
737	23487	6706	737
738	25292	5141	738
739	39648	6053	739
740	19671	12573	740
741	25077	5274	741
742	23690	6673	742
743	24472	6309	743
744	20051	3924	744
745	31480	3862	745
746	22866	6549	746
747	26477	14801	747
748	15276	21010	748
749	22906	6247	749
750	23024	6367	750
751	24465	6540	751
752	3663	2809	752
753	24447	6590	753
754	24410	5209	754
755	25470	4110	755
756	31903	14765	756
757	16912	7686	757
758	24176	6602	758
759	44796	6814	759
760	20026	4315	760
762	8997	2663	762
763	15432	2939	763
764	6206	6513	764
765	24343	5513	765
766	24761	4038	766
767	23249	6078	767
768	23132	6323	768
769	24760	4601	769
770	24950	5224	770
771	24217	5156	771
772	19966	4293	772
773	25149	5179	773
774	25080	6028	774
775	23450	6770	775
776	25272	5010	776
777	22807	6610	777
778	23169	6404	778
779	24953	6219	779
780	35260	16266	780
781	24880	4027	781
782	24810	6179	782
783	25546	6018	783
784	23496	6651	784
785	24567	5460	785
786	24150	6918	786
787	24670	5665	787
789	24519	6762	789
790	24525	5078	790
791	25236	6103	791
792	24223	6704	792
793	24244	5588	793
794	22802	6315	794
795	24814	5346	795
796	23277	6787	796
797	36502	4426	797
798	25294	6322	798
799	22943	6424	799
800	24996	6035	800
801	24832	6038	801
802	19962	4393	802
803	25068	6198	803
804	19917	3924	804
805	24853	5660	805
806	23574	6918	806
807	23799	6826	807
808	23198	6575	808
809	25585	6238	809
810	25054	5939	810
811	20464	4906	811
812	25436	6214	812
813	25664	4377	813
814	24539	6592	814
815	24711	6847	815
816	25961	5522	816
817	13247	2009	817
818	27666	16126	818
819	24930	6732	819
820	24880	4342	820
821	24690	5823	821
822	25612	5683	822
823	25594	5785	823
824	25670	5849	824
825	24335	5349	825
826	25306	6183	826
827	23523	6804	827
828	25776	6207	828
829	25248	5181	829
830	19961	4078	830
831	24913	4173	831
832	25073	5699	832
833	24857	5726	833
834	24778	6647	834
835	24190	5367	835
836	23096	5979	836
837	24976	5920	837
838	10627	10606	838
839	24604	6709	839
840	17015	7861	840
841	25952	6225	841
842	24944	4247	842
843	26435	14610	843
844	24377	6756	844
845	22818	6470	845
847	17562	18553	847
848	23562	6966	848
849	24496	5120	849
850	25041	6198	850
851	20015	4364	851
852	25778	5933	852
853	24970	5670	853
854	32492	3134	854
855	19896	4003	855
856	25568	5871	856
857	24801	4460	857
858	32546	3633	858
859	24209	6941	859
860	22885	6464	860
861	23822	6227	861
862	20036	3872	862
864	25045	5802	864
865	24484	6797	865
866	25300	5239	866
868	24680	6241	868
869	11640	9353	869
870	24725	3954	870
871	24004	6928	871
872	25427	5462	872
873	22175	5763	873
874	24716	6397	874
875	24949	4116	875
876	22280	7552	876
877	23319	6872	877
878	25851	6368	878
879	24953	5797	879
880	25926	6358	880
881	25668	5746	881
882	24778	6747	882
883	24993	6276	883
884	26345	14610	884
885	36534	4352	885
886	23705	6234	886
887	25083	5894	887
888	24450	6789	888
889	22592	6375	889
890	23793	6954	890
891	24171	7016	891
892	21404	6936	892
893	24995	6960	893
894	25039	5515	894
895	25515	5903	895
896	24349	3644	896
897	35363	16163	897
898	24969	4301	898
899	23974	6119	899
900	25397	5982	900
902	26211	6323	902
903	22153	5698	903
904	22890	6205	904
905	24998	4154	905
907	26017	6469	907
908	26014	6280	908
909	22793	6270	909
911	37678	11815	911
912	23611	6286	912
913	25771	4944	913
914	25592	6090	914
915	19973	3751	915
916	31543	3850	916
918	25576	5700	918
919	22649	6464	919
920	25285	5335	920
921	26075	14720	921
922	21431	6832	922
923	21863	5636	923
924	23386	6863	924
925	25065	5599	925
926	24642	5843	926
927	23479	6914	927
928	24570	6421	928
929	24474	5224	929
931	25106	5514	931
932	24740	5102	932
933	23594	6340	933
934	25128	5809	934
936	32501	3173	936
937	22905	6479	937
938	25157	5305	938
939	25529	6263	939
940	20371	3935	940
941	26296	6605	941
942	24859	6463	942
943	25565	4792	943
944	25416	5871	944
945	25714	6140	945
946	23301	2757	946
947	23958	6903	947
948	24934	3992	948
949	25475	5126	949
950	22653	6575	950
951	24603	3870	951
952	35168	16217	952
953	24580	4917	953
954	25021	4141	954
955	24244	6463	955
956	23651	5980	956
957	27909	17446	957
958	24994	5559	958
959	21771	5626	959
960	26491	14796	960
961	25070	5845	961
962	24395	6953	962
965	24925	5304	965
966	22125	5696	966
967	24933	6381	967
968	24082	3347	968
969	22677	5790	969
970	26357	5645	970
971	36425	4511	971
972	25153	5588	972
973	22646	6535	973
974	22370	7606	974
975	17191	7546	975
977	24659	6876	977
978	19967	3798	978
979	23508	7042	979
980	25609	4382	980
981	24868	4581	981
982	24926	4370	982
983	26035	6051	983
984	25867	6499	984
985	26932	2413	985
986	25395	5834	986
987	22239	7514	987
988	20621	7069	988
989	16911	7491	989
990	25035	3211	990
991	25605	5192	991
992	21325	6947	992
993	31804	14951	993
994	25684	6107	994
995	25051	6357	995
996	25962	4812	996
997	22962	6432	997
998	22641	5862	998
999	22375	7424	999
1000	24179	6797	1000
1001	33193	3768	1001
1002	35128	16262	1002
1003	24852	5857	1003
1004	31800	14938	1004
1005	23541	7099	1005
1006	3554	2827	1006
1007	24060	2949	1007
1008	25486	5182	1008
1009	25654	4476	1009
1010	25377	5707	1010
1011	25587	5073	1011
1012	22610	6601	1012
1013	25775	4955	1013
1015	24340	5340	1015
1016	25960	6402	1016
1017	23613	7348	1017
1018	24304	7000	1018
1019	39403	4651	1019
1020	26309	6350	1020
1021	15534	2926	1021
1022	22509	7517	1022
1023	6861	27801	1023
1024	24372	5440	1024
1025	22264	5774	1025
1026	25628	6337	1026
1027	21515	6980	1027
1029	22764	6747	1029
1030	24842	6861	1030
1032	23484	6911	1032
1033	22919	6180	1033
1034	15270	20905	1034
1035	23994	6023	1035
1036	24044	6113	1036
1037	10702	10654	1037
1038	7120	12753	1038
1039	12387	3059	1039
1040	8837	2754	1040
1041	23301	6093	1041
1042	21322	4009	1042
1043	25574	5490	1043
1044	3547	2825	1044
1045	6134	6639	1045
1046	24090	6997	1046
1047	24879	5959	1047
1048	24318	7144	1048
1049	22708	5681	1049
1051	29550	4011	1051
1052	22668	5896	1052
1053	8320	15506	1053
1054	25644	4740	1054
1055	25822	4979	1055
1056	25646	5121	1056
1057	25579	5569	1057
1058	22661	6696	1058
1059	19440	12225	1059
1060	22522	16122	1060
1061	24700	4865	1061
1062	26001	4703	1062
1063	26084	4685	1063
1064	25709	5718	1064
1065	22054	5796	1065
1067	22145	5842	1067
1068	25230	4186	1068
1069	24307	7057	1069
1070	22754	6694	1070
1071	22547	5727	1071
1073	21827	5581	1073
1074	25457	5397	1074
1075	6803	27838	1075
1076	25675	4799	1076
1077	22228	7617	1077
1078	21249	3432	1078
1079	25897	4962	1079
1080	21953	5732	1080
1081	28301	13195	1081
1082	19968	3928	1082
1083	20539	7065	1083
1084	26975	4635	1084
1085	25700	4523	1085
1086	25006	3620	1086
1087	13300	5363	1087
1088	10857	4482	1088
1089	4792	5862	1089
1090	19917	3554	1090
1091	9137	3285	1091
1092	4299	3484	1092
1093	17255	7563	1093
1094	17365	7668	1094
1095	8562	20937	1095
1096	32393	5246	1096
1097	36072	4859	1097
1098	29282	3773	1098
1099	29699	5471	1099
1100	35248	4677	1100
1101	32586	1007	1101
1102	32472	12407	1102
1103	31418	13293	1103
1104	33267	14389	1104
1105	25971	16692	1105
1106	8146	26157	1106
1107	11121	19945	1107
1108	19543	10983	1108
1109	14873	21606	1109
1110	23270	6615	1110
1111	21567	7360	1111
1112	24639	5823	1112
1113	24798	4249	1113
1114	24754	5993	1114
1115	30091	1524	1115
1116	27396	3944	1116
1117	24408	5245	1117
1118	27277	1638	1118
1119	25006	5752	1119
1120	25481	5648	1120
1121	25036	5431	1121
1122	24649	5604	1122
1123	25530	5832	1123
1124	24851	5792	1124
1125	25237	6023	1125
1126	1791	10800	1126
1127	1064	21407	1127
1128	7915	4359	1128
1129	25134	5346	1129
1130	25005	5619	1130
1131	24608	6671	1131
1132	14722	21258	1132
1133	16105	7139	1133
1134	27911	6484	1134
1135	34219	3235	1135
1136	23501	7211	1136
1137	20367	4009	1137
1139	23661	6793	1139
1140	24885	6311	1140
1141	14059	21884	1141
1142	25716	4625	1142
1143	25778	4339	1143
1144	25425	6058	1144
1145	25935	4907	1145
1146	22466	6805	1146
1147	25844	4611	1147
1148	23587	7195	1148
1150	24366	3525	1150
1151	24120	5672	1151
1152	39593	6028	1152
1153	23539	7301	1153
1154	25492	4689	1154
1155	29743	2131	1155
1156	24758	7484	1156
1157	22359	5819	1157
1158	22525	6590	1158
1159	24010	7266	1159
1160	22314	5968	1160
1161	26081	4596	1161
1162	26636	4592	1162
1163	26822	4494	1163
1164	22559	6700	1164
1165	25730	4480	1165
1166	24904	5959	1166
1167	22579	6265	1167
1168	24148	7228	1168
1169	22344	16160	1169
1170	25827	4363	1170
1171	16920	7834	1171
1172	25524	4551	1172
1173	23436	7507	1173
1174	24124	6765	1174
1175	23573	6875	1175
1176	24581	7314	1176
1177	23074	6303	1177
1178	22447	5550	1178
1179	25001	6156	1179
1180	19543	12377	1180
1181	24008	7018	1181
1182	25081	5047	1182
1183	24929	5105	1183
1184	25233	5210	1184
1185	24902	5174	1185
1186	24952	5365	1186
1187	24837	5248	1187
1188	22853	6693	1188
1189	22064	5692	1189
1190	19612	12579	1190
1191	23566	6766	1191
1192	24016	6820	1192
1194	23650	6977	1194
1195	46203	9012	1195
1196	7290	12732	1196
1197	21657	5627	1197
1198	26467	4576	1198
1199	24153	7131	1199
1200	24716	7415	1200
1201	25957	4511	1201
1202	23583	7029	1202
1203	23478	6875	1203
1204	20041	3182	1204
1205	21249	7002	1205
1206	25929	4354	1206
1207	23720	6024	1207
1208	25446	4317	1208
1209	26651	4539	1209
1210	26517	4569	1210
1211	20206	3604	1211
1212	19994	4249	1212
1213	18659	2256	1213
1214	32445	3610	1214
1215	15019	3549	1215
1216	15963	479	1216
1217	35876	5723	1217
1218	27906	17450	1218
1219	19280	18163	1219
1220	23942	6183	1220
1221	8042	7167	1221
1222	18848	14767	1222
1223	31211	1056	1223
1224	2901	12706	1224
1225	3677	4235	1225
1226	36232	15494	1226
1227	14298	909	1227
1228	21219	15406	1228
1229	11309	22663	1229
1230	11528	3523	1230
1231	3289	6762	1231
1232	24086	13501	1232
1233	24433	6652	1233
1234	26787	4608	1234
1235	28618	2946	1235
1236	7369	2681	1236
1237	23979	2802	1237
1238	26096	5791	1238
1239	23739	15488	1239
1240	3563	26658	1240
1241	12872	3562	1241
1242	11855	2096	1242
1243	24154	6428	1243
1244	15712	14498	1244
1245	24154	6429	1245
1246	24217	5393	1246
1247	24745	5484	1247
1248	24876	3957	1248
1249	24671	6145	1249
1250	24547	7377	1250
1251	12381	3056	1251
1253	18911	8993	1253
1254	24081	2945	1254
1255	19962	3734	1255
1256	6988	27607	1256
1257	19405	12256	1257
1258	24078	6999	1258
1259	26048	6526	1259
1260	21406	6751	1260
1261	6887	27826	1261
1262	24359	5434	1262
1263	17260	7356	1263
1264	23317	6520	1264
1265	24152	6560	1265
1266	26448	14607	1266
1267	24244	6062	1267
1268	23788	6031	1268
1269	8753	2848	1269
1270	21921	5667	1270
1271	19787	12567	1271
1272	24721	7910	1272
1273	28208	9834	1273
1274	24267	5961	1274
1275	16910	7672	1275
1276	24460	6213	1276
1277	25571	5966	1277
1278	14294	8367	1278
1279	24204	5127	1279
1280	34144	14917	1280
1281	19983	3947	1281
1282	19677	12470	1282
1283	26185	4814	1283
1284	24899	6138	1284
1285	37352	12176	1285
1286	24827	6077	1286
1287	23085	6333	1287
1288	24998	5603	1288
1289	24114	5480	1289
1290	24240	9774	1290
1291	23386	6518	1291
1292	24436	6020	1292
1293	24421	6081	1293
1294	2324	7468	1294
1296	27924	17519	1296
1297	19358	18119	1297
1298	25719	4352	1298
1299	25673	6210	1299
1300	23599	6306	1300
1301	6206	14301	1301
1302	24953	6307	1302
1303	11843	14776	1303
1304	24828	6293	1304
1305	29105	4133	1305
1306	19576	12679	1306
1307	24854	6653	1307
1308	23906	5709	1308
1309	24197	7135	1309
1310	27388	12451	1310
1311	25555	5765	1311
1312	19795	12343	1312
1313	23369	6206	1313
1314	31184	1090	1314
1315	24770	4037	1315
1316	20242	4082	1316
1317	20048	4338	1317
1318	21508	8012	1318
1319	23344	6865	1319
1320	24369	6755	1320
1321	25051	3153	1321
1322	27191	7139	1322
1323	3722	4225	1323
1324	25060	5803	1324
1325	17482	18647	1325
1326	23553	6273	1326
1327	24369	6232	1327
1329	26974	3818	1329
1330	28823	2337	1330
1331	24337	15096	1331
1332	20749	9493	1332
1333	24183	6965	1333
1334	24209	7035	1334
1335	26071	6436	1335
1337	25240	5254	1337
1338	24013	6102	1338
1339	35894	5211	1339
1340	30531	10624	1340
1341	23331	6323	1341
1342	20120	4107	1342
1344	21407	6902	1344
1345	24323	5118	1345
1346	6872	27812	1346
1347	30892	2599	1347
1348	26566	5701	1348
1349	24681	6716	1349
1350	25885	6350	1350
1351	26110	14710	1351
1352	24551	4927	1352
1353	37003	12559	1353
1354	24562	3860	1354
1355	24789	5788	1355
1356	24294	5528	1356
1357	23831	5985	1357
1358	25250	16641	1358
1359	29740	4899	1359
1360	20370	3973	1360
1361	23938	6356	1361
1363	26677	16521	1363
1364	20024	3881	1364
1365	44798	6776	1365
1366	7935	22613	1366
1367	26826	4586	1367
1368	24564	5063	1368
1369	23612	6695	1369
1371	21341	3854	1371
1372	5980	17634	1372
1373	7172	27208	1373
1374	25434	6101	1374
1375	24011	6099	1375
1376	10689	25467	1376
1377	22192	14884	1377
1378	23324	2795	1378
1380	32712	16625	1380
1381	25417	5669	1381
1382	26492	14768	1382
1383	22842	6529	1383
1384	13505	13343	1384
1385	24205	5757	1385
1386	23559	6579	1386
1387	22372	7555	1387
1388	23771	6382	1388
1389	37036	15678	1389
1390	24011	6928	1390
1391	30949	3713	1391
1392	23733	6218	1392
1393	23576	7217	1393
1394	27743	6248	1394
1395	26012	5580	1395
1396	25199	5943	1396
1397	26084	4678	1397
1398	26351	14858	1398
1399	25189	4436	1399
1402	8336	15424	1402
1403	25104	6519	1403
1404	25021	5393	1404
1405	22012	5567	1405
1406	39629	6028	1406
1407	24816	5359	1407
1408	25090	5540	1408
1409	23370	5824	1409
1410	35286	16247	1410
1411	34112	1601	1411
1412	26451	9710	1412
1413	24228	5686	1413
1414	23613	7349	1414
1415	26752	5455	1415
1416	24178	6667	1416
1417	25554	4791	1417
1418	22172	5773	1418
1419	22869	6703	1419
1420	32596	3628	1420
1421	21514	6961	1421
1422	41990	5772	1422
1423	25141	4045	1423
1424	22227	7497	1424
1425	24983	5913	1425
1426	24808	4501	1426
1427	24839	6879	1427
1428	10738	10629	1428
1429	25422	5457	1429
1430	27550	1355	1430
1431	24140	5260	1431
1432	23924	6291	1432
1433	24620	5816	1433
1434	25141	6159	1434
1435	29767	2128	1435
1436	25006	6966	1436
1437	24889	5913	1437
1438	23908	6153	1438
1439	25068	5173	1439
1440	24540	6749	1440
1441	11531	9285	1441
1442	24377	7017	1442
1443	20598	6887	1443
1445	22361	6705	1445
1446	22761	6761	1446
1447	22968	6259	1447
1448	23888	8490	1448
1450	3568	2848	1450
1451	22634	6683	1451
1452	23311	5854	1452
1453	24538	5467	1453
1454	15317	20989	1454
1455	33116	3852	1455
1456	24352	3691	1456
1458	23734	6374	1458
1459	24976	5732	1459
1460	24887	4240	1460
1461	8998	2740	1461
1462	24521	6553	1462
1463	25094	5179	1463
1464	6087	6601	1464
1465	25894	6268	1465
1466	25392	5970	1466
1467	7104	12731	1467
1468	24086	6065	1468
1469	19973	4263	1469
1470	31715	3940	1470
1471	24730	6396	1471
1472	19287	10538	1472
1473	29552	4009	1473
1474	17005	7881	1474
1475	14157	15379	1475
1476	13374	16546	1476
1477	11459	17094	1477
1478	3953	15005	1478
1479	36408	4347	1479
1480	24950	4120	1480
1481	23364	6254	1481
1482	37475	10861	1482
1483	23124	6255	1483
1484	25714	4701	1484
1485	20474	4890	1485
1486	1469	14704	1486
1487	41464	15843	1487
1488	16337	10748	1488
1489	24460	7193	1489
1490	22396	5680	1490
1491	21613	5756	1491
1492	23836	6556	1492
1493	35343	16215	1493
1494	23540	7519	1494
1495	22082	6000	1495
1496	22394	16206	1496
1498	22903	5831	1498
1499	25254	5124	1499
1500	27578	1342	1500
1501	22635	5863	1501
1502	23492	6918	1502
1503	15540	2892	1503
1504	26019	4769	1504
1505	22204	5637	1505
1506	24956	5198	1506
1507	25565	4999	1507
1508	25657	5154	1508
1509	25770	4963	1509
1510	4964	9557	1510
1511	34356	13707	1511
1512	25863	4561	1512
1513	25009	3637	1513
1514	21994	5983	1514
1515	16361	16339	1515
1516	30040	16872	1516
1517	24846	10821	1517
1518	6427	27984	1518
1519	23684	5934	1519
1520	24358	6626	1520
1522	40344	9399	1522
1523	23549	6772	1523
1524	23831	6784	1524
1525	24017	6821	1525
1526	24542	7370	1526
1527	25836	4371	1527
1528	22370	5600	1528
1529	17001	7481	1529
1530	20138	4530	1530
1531	19943	3175	1531
1532	8196	18591	1532
1533	25459	5059	1533
1534	26465	4569	1534
1535	22419	6522	1535
1536	22428	6594	1536
1537	22422	6587	1537
1538	22432	6733	1538
1539	25567	6230	1539
1540	25736	5847	1540
1541	22084	5981	1541
1542	29783	13680	1542
1543	23684	6340	1543
1544	23892	5908	1544
1545	24327	5832	1545
1546	24401	6859	1546
1547	23717	6165	1547
1548	23982	5844	1548
1549	16989	7642	1549
1550	17082	7614	1550
1551	17244	7630	1551
1552	8864	2775	1552
1553	16940	7659	1553
1554	30534	10650	1554
1556	23405	5820	1556
1557	24235	6134	1557
1558	24029	5736	1558
1559	23677	6241	1559
1560	31931	14864	1560
1561	23968	5855	1561
1562	23985	5846	1562
1563	23685	9194	1563
1564	23590	6292	1564
1565	19640	12480	1565
1566	16418	10679	1566
1567	16420	10690	1567
1568	39513	5952	1568
1569	17026	7532	1569
1570	24205	6042	1570
1571	24309	5830	1571
1572	23980	6353	1572
1574	32425	3564	1574
1575	33208	3830	1575
1576	26445	14752	1576
1577	24845	10881	1577
1578	11911	14759	1578
1579	36373	4336	1579
1580	23688	9204	1580
1581	19372	7401	1581
1582	18545	7517	1582
1583	22390	9328	1583
1584	17353	8429	1584
1586	19468	12235	1586
1587	29844	13677	1587
1588	17796	7454	1588
1589	20040	4104	1589
1590	13481	13298	1590
1591	6920	27868	1591
1592	23980	5620	1592
1594	24425	5462	1594
1596	19543	12660	1596
1597	17222	7332	1597
1598	17001	7643	1598
1599	19325	10617	1599
1600	20752	9483	1600
1601	21182	8854	1601
1602	14106	15370	1602
1603	25343	14362	1603
1604	23914	5967	1604
1605	23807	6567	1605
1606	21903	5593	1606
1607	21540	8055	1607
1608	22417	7520	1608
1609	33642	16125	1609
1610	32777	16698	1610
1611	17234	13574	1611
1612	29852	13684	1612
1613	24481	6110	1613
1614	26847	4584	1614
1615	24150	5887	1615
1616	30055	16936	1616
1617	24186	6117	1617
1618	7738	5735	1618
1619	11626	9292	1619
1620	2481	7484	1620
1621	20609	6967	1621
1622	8213	3201	1622
1623	20394	4588	1623
1624	24213	6139	1624
1625	23846	6178	1625
1626	23871	6188	1626
1627	26146	6496	1627
1628	23441	6194	1628
1629	23339	6118	1629
1630	7223	12716	1630
1631	15461	2888	1631
1632	15512	2992	1632
1633	24394	5096	1633
1634	24432	3691	1634
1635	23908	6010	1635
1636	20040	4086	1636
1638	30055	16949	1638
1640	26661	16482	1640
1641	8916	2766	1641
1642	3635	2929	1642
1644	20177	4081	1644
1645	20076	4191	1645
1646	24642	5909	1646
1647	23539	6443	1647
1648	26115	6484	1648
1649	24861	6731	1649
1650	23918	6198	1650
1651	8337	15476	1651
1652	22354	16195	1652
1653	24224	6151	1653
1654	11631	9287	1654
1655	22460	16292	1655
1656	7390	2684	1656
1657	22207	14812	1657
1658	23657	6243	1658
1659	3556	2844	1659
1660	36382	4348	1660
1661	24268	15143	1661
1662	24600	6079	1662
1663	21693	14042	1663
1664	34096	14840	1664
1665	4168	7368	1665
1666	12837	3590	1666
1667	12833	3590	1667
1668	23485	6457	1668
1669	18908	8977	1669
1670	6305	6554	1670
1671	19705	12473	1671
1672	24334	6147	1672
1673	35335	16298	1673
1674	10723	10644	1674
1675	23949	5843	1675
1676	24420	5099	1676
1677	11459	3562	1677
1678	29472	4049	1678
1679	19670	12384	1679
1680	23981	5564	1680
1681	24399	6455	1681
1682	24405	6453	1682
1683	23657	6427	1683
1684	24550	4952	1684
1685	17160	7725	1685
1686	16984	7765	1686
1687	23867	6342	1687
1688	24282	5679	1688
1689	25325	5056	1689
1690	24051	5292	1690
1691	27620	1395	1691
1692	23467	6357	1692
1693	17506	18648	1693
1694	24193	5854	1694
1696	6145	6577	1696
1697	17417	7631	1697
1698	29725	2127	1698
1699	28933	2384	1699
1700	23369	5899	1700
1701	24266	6365	1701
1702	27094	7048	1702
1703	27439	4562	1703
1704	24193	5997	1704
1705	24317	5762	1705
1706	24045	5429	1706
1707	23572	6227	1707
1709	24122	6320	1709
1711	34055	1659	1711
1712	19863	12651	1712
1713	23886	5705	1713
1714	20772	9497	1714
1715	25540	6107	1715
1716	15273	21030	1716
1717	24560	3967	1717
1718	25150	3180	1718
1719	15112	3377	1719
1720	23013	6264	1720
1721	24009	6459	1721
1722	8676	2891	1722
1723	24127	5971	1723
1724	23489	6441	1724
1725	7247	12697	1725
1726	24153	5760	1726
1727	23964	5480	1727
1728	27419	12480	1728
1729	23222	6608	1729
1730	23311	6226	1730
1731	27922	17498	1731
1732	24067	5733	1732
1733	24232	6369	1733
1735	24056	5886	1735
1736	44733	6745	1736
1737	24408	5074	1737
1738	24280	6409	1738
1739	34361	13679	1739
1740	24286	6112	1740
1741	24247	5603	1741
1742	24878	5025	1742
1743	23461	6494	1743
1744	26547	9713	1744
1745	24376	6134	1745
1746	24482	6025	1746
1747	24232	5574	1747
1748	24380	5064	1748
1749	24711	4668	1749
1750	36387	4439	1750
1751	24104	5503	1751
1752	24089	5911	1752
1753	24503	5967	1753
1754	24005	5402	1754
1755	22206	11494	1755
1756	19311	18151	1756
1757	24398	6104	1757
1758	25216	2832	1758
1759	23961	5534	1759
1761	24817	5740	1761
1762	24788	6090	1762
1763	22970	5801	1763
1764	24887	6704	1764
1765	6318	27999	1765
1766	24757	4108	1766
1767	24779	6090	1767
1768	24030	6692	1768
1769	24248	5464	1769
1770	24138	5145	1770
1771	22434	7565	1771
1772	36466	5197	1772
1773	24711	6004	1773
1774	30913	3757	1774
1775	24391	5590	1775
1776	24313	5856	1776
1777	26079	4788	1777
1778	24358	6091	1778
1779	24298	6228	1779
1780	25393	6102	1780
1781	24759	6704	1781
1782	22450	2958	1782
1783	24387	5900	1783
1784	24031	5705	1784
1785	7127	27186	1785
1786	24313	6105	1786
1787	24165	7097	1787
1788	24014	6378	1788
1789	24521	5589	1789
1790	23781	6703	1790
1791	25771	5676	1791
1792	25142	6096	1792
1793	26125	14624	1793
1794	23955	6596	1794
1795	24148	5988	1795
1796	26911	3816	1796
1797	23544	6548	1797
1799	24902	5281	1799
1800	24409	5054	1800
1801	24111	6619	1801
1802	24495	5999	1802
1803	23836	6516	1803
1804	24584	5904	1804
1805	23651	6615	1805
1806	23237	6149	1806
1807	20058	4062	1807
1808	23299	6504	1808
1809	25197	6250	1809
1810	24494	5816	1810
1811	17932	7998	1811
1812	24239	5446	1812
1813	24425	6239	1813
1815	3858	14988	1815
1816	20243	4013	1816
1817	24706	5917	1817
1818	31521	3924	1818
1819	24496	6352	1819
1820	29491	4046	1820
1821	6955	27665	1821
1822	22921	6307	1822
1823	24204	6422	1823
1824	10812	4521	1824
1826	24358	5207	1826
1828	25636	6216	1828
1829	1800	10796	1829
1830	25899	4699	1830
1831	28280	9853	1831
1832	23431	6461	1832
1833	24049	5697	1833
1835	22800	6574	1835
1836	24944	6061	1836
1837	24067	13474	1837
1838	34705	5116	1838
1839	20152	4459	1839
1840	24277	6519	1840
1841	23266	6026	1841
1842	6296	6548	1842
1843	24607	5722	1843
1844	25034	5170	1844
1845	24731	5462	1845
1846	8173	18657	1846
1847	24002	5792	1847
1848	23334	6539	1848
1849	20030	4334	1849
1850	19979	4186	1850
1851	24555	6783	1851
1852	22804	6324	1852
1853	22615	6389	1853
1854	23171	6275	1854
1855	23536	6777	1855
1856	24912	5246	1856
1857	22845	6275	1857
1858	18671	16671	1858
1859	19982	4220	1859
1860	24246	5109	1860
1861	19789	12399	1861
1862	23011	6374	1862
1863	17041	7380	1863
1864	24159	6062	1864
1865	6913	27877	1865
1866	24005	5785	1866
1867	23346	6399	1867
1868	31749	3892	1868
1869	24777	5755	1869
1871	26464	14646	1871
1873	24313	5371	1873
1874	24516	5588	1874
1875	32492	3617	1875
1876	6225	14258	1876
1877	11104	19990	1877
1878	27700	6247	1878
1879	24115	6731	1879
1880	42074	5774	1880
1881	24461	6589	1881
1882	37040	15703	1882
1883	24634	5624	1883
1884	23379	6462	1884
1885	25357	5059	1885
1886	39525	5978	1886
1887	10671	25492	1887
1888	31926	14767	1888
1889	25044	5914	1889
1890	23542	6890	1890
1891	23721	15485	1891
1892	24619	6225	1892
1893	24983	5680	1893
1894	24755	5891	1894
1896	24554	5058	1896
1897	24920	6257	1897
1898	25252	16655	1898
1899	25431	5058	1899
1903	23807	6812	1903
1904	24957	5404	1904
1906	23526	6687	1906
1907	20084	4117	1907
1908	26116	5550	1908
1909	8794	2811	1909
1910	23281	6650	1910
1911	15471	2882	1911
1913	26121	4798	1913
1914	23387	6461	1914
1915	24260	5947	1915
1916	24213	6709	1916
1917	24880	5987	1917
1919	8841	13264	1919
1920	25637	6303	1920
1921	22836	6274	1921
1922	22870	5817	1922
1923	16953	7848	1923
1924	24541	6397	1924
1925	25648	5824	1925
1926	41395	15811	1926
1927	26153	5537	1927
1928	25594	5907	1928
1929	25770	5658	1929
1930	24161	6163	1930
1932	24613	4892	1932
1935	24999	6155	1935
1936	23591	7006	1936
1937	23054	6011	1937
1938	25905	6273	1938
1939	24343	6810	1939
1942	20358	4001	1942
1943	23787	6618	1943
1944	25101	5958	1944
1945	35834	5219	1945
1946	24422	3661	1946
1947	24888	4126	1947
1948	25456	5733	1948
1949	24833	4187	1949
1950	24845	4361	1950
1951	24996	5509	1951
1953	24733	6317	1953
1954	25668	5175	1954
1955	24737	6433	1955
1956	25258	5980	1956
1957	24996	5552	1957
1958	21990	5543	1958
1959	24428	5442	1959
1960	36499	4404	1960
1961	23110	5965	1961
1962	23156	6535	1962
1963	9117	2689	1963
1964	34352	13680	1964
1965	22661	5878	1965
1966	25355	5661	1966
1967	35235	16240	1967
1968	26202	6207	1968
1969	25492	6337	1969
1970	19636	12536	1970
1971	24777	5081	1971
1972	24359	5745	1972
1973	25014	6065	1973
1974	25153	6798	1974
1975	22868	6462	1975
1976	6936	27773	1976
1977	25280	7224	1977
1978	22141	5753	1978
1980	24792	6177	1980
1981	24007	5707	1981
1982	24235	6930	1982
1983	21455	8818	1983
1984	23336	6842	1984
1985	25673	4331	1985
1986	24977	5061	1986
1987	21507	6915	1987
1988	20148	4568	1988
1989	22578	6653	1989
1990	24948	5583	1990
1991	31863	14968	1991
1992	25421	6241	1992
1993	32494	3102	1993
1994	25050	5826	1994
1995	23986	6934	1995
1996	3972	15034	1996
1997	22304	7590	1997
1998	25063	6354	1998
1999	25146	4069	1999
2000	22917	6598	2000
2001	25193	5323	2001
2003	22652	6583	2003
2004	22794	6567	2004
2005	26238	4688	2005
2006	7306	12751	2006
2007	24822	6896	2007
2008	25291	5720	2008
2009	24062	5851	2009
2010	22349	5895	2010
2011	19980	3785	2011
2012	22923	6737	2012
2013	21437	6743	2013
2014	24714	6907	2014
2015	25410	5880	2015
2016	22917	6199	2016
2017	24328	6830	2017
2018	23992	6517	2018
2019	25611	6304	2019
2020	25830	6419	2020
2021	19232	10470	2021
2022	19907	4417	2022
2023	26716	5861	2023
2025	23100	6285	2025
2026	16799	7680	2026
2027	26375	6257	2027
2028	25311	6361	2028
2029	33066	3875	2029
2030	23588	7409	2030
2031	24875	3968	2031
2032	24353	7011	2032
2033	24484	6780	2033
2034	21302	6937	2034
2035	25633	2070	2035
2036	3539	2860	2036
2037	19878	3889	2037
2038	26033	6273	2038
2040	25547	5117	2040
2041	24643	5391	2041
2042	24606	3814	2042
2044	19629	12407	2044
2045	6248	6376	2045
2047	22124	5857	2047
2048	25471	5446	2048
2049	22750	5750	2049
2050	25890	4845	2050
2051	21240	3436	2051
2052	22626	6806	2052
2053	22830	6801	2053
2054	25766	6418	2054
2055	24978	3929	2055
2057	6772	27791	2057
2058	26493	15036	2058
2059	25315	5808	2059
2060	22087	5713	2060
2061	26182	4492	2061
2062	29582	4114	2062
2063	23015	6390	2063
2064	24653	5800	2064
2065	26803	4629	2065
2066	25913	6026	2066
2067	25865	5877	2067
2069	20343	4909	2069
2071	24920	6396	2071
2073	26077	5487	2073
2074	24496	5625	2074
2075	27055	6893	2075
2076	17480	18618	2076
2077	25467	5757	2077
2078	29262	4143	2078
2080	25007	3428	2080
2081	22826	6713	2081
2082	21301	6928	2082
2083	26472	5793	2083
2084	23385	2773	2084
2085	25143	5494	2085
2086	35324	16057	2086
2087	25930	6161	2087
2089	21361	6799	2089
2090	30514	10632	2090
2091	25575	5195	2091
2092	21980	5541	2092
2093	25172	5359	2093
2095	24116	5646	2095
2096	29781	2200	2096
2097	9037	2828	2097
2098	24031	6179	2098
2100	22939	6761	2100
2101	25070	4380	2101
2102	24812	6810	2102
2103	23331	7079	2103
2104	27786	6234	2104
2105	15340	20949	2105
2106	25604	4765	2106
2107	20589	6859	2107
2108	25541	4350	2108
2109	24861	4993	2109
2110	24217	6318	2110
2111	25603	4537	2111
2112	29171	4206	2112
2113	25950	6413	2113
2114	16903	7519	2114
2115	18940	10509	2115
2116	23719	9194	2116
2117	23587	7066	2117
2118	30515	10636	2118
2120	35071	16300	2120
2121	15278	20735	2121
2122	19625	12429	2122
2123	20167	12174	2123
2124	23728	5984	2124
2125	25757	4339	2125
2126	25010	3599	2126
2127	25867	5025	2127
2128	21951	5747	2128
2129	19880	12305	2129
2130	23580	6989	2130
2131	23509	6873	2131
2132	21441	3974	2132
2133	23605	7260	2133
2134	24187	6038	2134
2135	19967	4341	2135
2136	21586	8265	2136
2137	26021	4582	2137
2138	21999	5869	2138
2139	23613	6892	2139
2140	22633	6799	2140
2141	22236	7886	2141
2142	24116	6774	2142
2143	22212	5914	2143
2144	21336	3872	2144
2145	26495	14877	2145
2146	23830	6769	2146
2147	27742	4501	2147
2148	39470	5953	2148
2149	24217	6597	2149
2150	19949	3887	2150
2151	26329	5242	2151
2152	23344	7234	2152
2153	24271	5941	2153
2154	17173	7156	2154
2155	19822	3874	2155
2156	22424	6514	2156
2157	19678	3421	2157
2158	21600	8280	2158
2159	25052	4917	2159
2160	22520	5645	2160
2161	25787	4668	2161
2162	28295	4441	2162
2163	23823	6131	2163
2164	24832	7141	2164
2165	23986	5975	2165
2166	19981	4598	2166
2167	33085	3795	2167
2168	6871	27516	2168
2170	23656	6553	2170
2171	23726	6123	2171
2172	25141	5111	2172
2173	23900	5761	2173
2174	22482	6873	2174
2175	23833	6139	2175
2176	26472	15055	2176
2177	35639	15957	2177
2178	35336	16292	2178
2179	24546	7141	2179
2181	26735	4611	2181
2183	19716	12467	2183
2184	34175	14792	2184
2185	24196	3361	2185
2186	22437	6627	2186
2187	17062	7443	2187
2188	23896	6328	2188
2189	17229	7325	2189
2190	29905	13714	2190
2191	23456	7309	2191
2192	23587	7593	2192
2193	25843	4160	2193
2194	23596	7549	2194
2195	20022	3618	2195
2197	18815	8963	2197
2198	22420	6720	2198
2199	24543	7426	2199
2201	29557	3931	2201
2202	31853	14974	2202
2203	25047	3845	2203
2204	26469	14696	2204
2205	26434	4673	2205
2206	25514	4646	2206
2207	22563	6256	2207
2208	25933	5844	2208
2211	22437	6717	2211
2212	20322	3955	2212
2213	24892	4705	2213
2214	24154	5671	2214
2215	22189	5911	2215
2217	23575	6814	2217
2218	31979	14685	2218
2219	29663	1713	2219
2221	39646	6074	2221
2222	26024	4765	2222
2223	29994	13716	2223
2224	24075	7244	2224
2226	25902	4303	2226
2227	27704	6281	2227
2229	21994	6000	2229
2230	22369	5938	2230
2231	26596	4624	2231
2232	24691	7419	2232
2233	27960	17455	2233
2234	19330	12610	2234
2235	24668	5253	2235
2237	21199	8326	2237
2238	24892	5199	2238
2239	21392	6758	2239
2240	26111	6291	2240
2241	24188	6187	2241
2242	25895	5136	2242
2243	23431	5822	2243
2244	25208	1954	2244
2245	23310	2703	2245
2247	23730	6169	2247
2248	24716	4111	2248
2249	23778	6026	2249
2250	24324	6016	2250
2251	16682	7725	2251
2252	23951	5837	2252
2253	23596	7551	2253
2254	19021	4717	2254
2255	23688	9206	2255
2256	19993	3181	2256
2257	25438	2218	2257
